fecha	objective	metric	first_metric_only	boost_from_average	feature_pre_filter	verbosity	seed	max_depth	num_iterations	force_row_wise	learning_rate	feature_fraction	min_data_in_leaf	num_leaves	prob_corte	max_bin	min_gain_to_split	lambda_l1	lambda_l2	ganancia	iteracion
20220531 222849	binary	custom	TRUE	TRUE	FALSE	-100	111599	-1	643	TRUE	0.0104316652785055	0.3191049961813	2172	1090	0.0263821204288871	41	0.00576746618800098	48.6494594091912	54.4859226016949	32545000	1
20220531 223742	binary	custom	TRUE	TRUE	FALSE	-100	111599	-1	31	859	TRUE	0.00997635393674864	0.31808306662133	1537	899	0.0312916050177591	0.00228596803589608	70.852652364556	39.2813207407016	30870000	2
20220531 224134	binary	custom	TRUE	TRUE	FALSE	-100	111599	-1	31	3376	TRUE	0.00664671743592771	0.185999601095682	4576	908	0.034894037557145	0.00569924123377859	71.9930336679681	43.1613390057464	30001000	3
20220531 224329	binary	custom	TRUE	TRUE	FALSE	-100	111599	-1	31	1509	TRUE	0.00964108851998753	0.155119471022044	4045	1218	0.0361914169032389	0.00273872826532897	79.6342914320121	78.2244737056317	29582000	4
20220531 225004	binary	custom	TRUE	TRUE	FALSE	-100	111599	-1	31	4254	TRUE	0.0039952009533954	0.394911758395028	3663	961	0.0139124242348771	0.00142202525406174	23.0599751856062	31.3787591156142	36713000	5
20220531 225105	binary	custom	TRUE	TRUE	FALSE	-100	111599	-1	31	362	TRUE	0.0111552994086014	0.274820781458402	5401	782	0.013091926051978	0.00621522915929381	92.9204227890295	24.4028020526457	35082000	6
20220531 225244	binary	custom	TRUE	TRUE	FALSE	-100	111599	-1	31	950	TRUE	0.0130959329885809	0.377729121252196	6060	1046	0.016668466622347	0.00757012160860904	41.752029844065	52.2417115564167	36391000	7
20220531 225443	binary	custom	TRUE	TRUE	FALSE	-100	111599	-1	31	850	TRUE	0.0087323381573733	0.429621390101966	2877	739	0.0301406526033437	0.00432298824380268	18.1944541334815	68.1512858092901	32897000	8
20220531 225645	binary	custom	TRUE	TRUE	FALSE	-100	111599	-1	31	1478	TRUE	0.011015647414999	0.257787959481357	4824	779	0.0386844074781038	0.00813953115230106	44.5269570649543	20.67965876995	30520000	9
20220531 225746	binary	custom	TRUE	TRUE	FALSE	-100	111599	-1	31	654	TRUE	0.0197685156775551	0.275055017866544	6693	1375	0.0475867769944671	0.00496829815652018	62.4758456360723	37.464862503839	27008000	10
20220531 225851	binary	custom	TRUE	TRUE	FALSE	-100	111599	-1	31	591	TRUE	0.0136829941188407	0.220358313262113	1970	1096	0.033308761592222	0.00686612670064642	38.9139791346679	70.0710763136158	31939000	11
20220531 230149	binary	custom	TRUE	TRUE	FALSE	-100	111599	-1	31	1762	TRUE	0.00514574920356245	0.236485376910423	7056	1464	0.0322333979770216	0.00883016327393125	29.6799397598079	76.5802922833245	32397000	12
20220531 230309	binary	custom	TRUE	TRUE	FALSE	-100	111599	-1	31	621	TRUE	0.0167472656628088	0.457081696533714	6466	1391	0.0491305659062467	0.00373543803107896	8.4835195550113	72.2120786587766	29835000	13
20220531 230753	binary	custom	TRUE	TRUE	FALSE	-100	111599	-1	31	5197	TRUE	0.00758397550183872	0.102305191117921	5005	1240	0.0223742063709627	0.00408898821887124	33.4753584073042	30.3804660194146	34502000	14
20220531 231132	binary	custom	TRUE	TRUE	FALSE	-100	111599	-1	31	1861	TRUE	0.006988776755461	0.406635333079612	3881	1311	0.0196312658740377	0.00661256868271448	3.75813019563793	56.1068534072547	36629000	15
20220531 231601	binary	custom	TRUE	TRUE	FALSE	-100	111599	-1	31	1422	TRUE	0.00219481082960556	0.414981771164457	3262	1020	0.0114007899748079	0.00957022625186073	86.1224275664426	27.5628526738728	34813000	16
20220531 232148	binary	custom	TRUE	TRUE	FALSE	-100	111599	-1	31	3284	TRUE	0.00340223341817182	0.472851003526012	2518	817	0.041509529397869	0.00492602774145053	67.0726801559795	45.6514375153347	28306000	17
20220531 232301	binary	custom	TRUE	TRUE	FALSE	-100	111599	-1	31	704	TRUE	0.0153233011043922	0.365159949063673	5703	1489	0.0203249635237322	0.00727490064415179	99.2163778733811	88.2707967837632	33417000	18
20220531 232528	binary	custom	TRUE	TRUE	FALSE	-100	111599	-1	31	2077	TRUE	0.00819586753561452	0.149928626703331	5946	594	0.00856745527695845	0.00164812149241334	63.286580764543	7.13517645272077	32792000	19
20220531 232648	binary	custom	TRUE	TRUE	FALSE	-100	111599	-1	31	831	TRUE	0.0149611374541855	0.333486105772317	3172	553	0.0160996530665216	0.00543746823840775	87.5220248119149	63.262871378538	34461000	20
20220531 232751	binary	custom	TRUE	TRUE	FALSE	-100	111599	-1	31	508	TRUE	0.0186379019256055	0.439123720634962	1310	1274	0.0269640854753258	0.00859115914633003	26.112381996063	16.2989801625372	33505000	21
20220531 233010	binary	custom	TRUE	TRUE	FALSE	-100	111599	-1	31	1149	TRUE	0.00626621059219906	0.246741532016313	7500	1177	0.0378943968175615	0.007116714667216	2.69382607439184	1.79195995006012	32757000	22
20220531 233124	binary	custom	TRUE	TRUE	FALSE	-100	111599	-1	31	1082	TRUE	0.017745681662178	0.122324826003751	501	641	0.0178997821911253	0.00297504937375197	34.673463593208	4.52638122151257	35255000	23
20220531 233246	binary	custom	TRUE	TRUE	FALSE	-100	111599	-1	31	941	TRUE	0.012096338174284	0.200787242336082	374	707	0.0405898072165655	0.00107157665208797	96.0833937569987	47.6956569451431	26572000	24
20220531 234333	binary	custom	TRUE	TRUE	FALSE	-100	111599	-1	31	6691	TRUE	0.00205435006921471	0.303824722146965	766	1147	0.0449429641759101	0.00981908692205616	20.6378144401242	86.7461229092441	30049000	25
20220531 234456	binary	custom	TRUE	TRUE	FALSE	-100	111599	-1	31	1174	TRUE	0.0159625586984475	0.136031655257102	7769	972	0.028618665442203	0.0059644929081478	53.8119987366372	61.6707806133491	32271000	26
20220531 234639	binary	custom	TRUE	TRUE	FALSE	-100	111599	-1	31	866	TRUE	0.0124549107165512	0.498845333227655	7511	1066	0.0422555316319025	0.00891400550852268	48.6389989033341	92.8404913844133	29166000	27
20220531 234853	binary	custom	TRUE	TRUE	FALSE	-100	111599	-1	31	1836	TRUE	0.0191367236661317	0.189125603839057	2039	565	0.0464322583679556	0.00462399891796667	13.5871462007344	96.8455831738538	29835000	28
20220531 235413	binary	custom	TRUE	TRUE	FALSE	-100	111599	-1	31	2793	TRUE	0.0030666065311234	0.360731257763109	52	1431	0.0253866198258644	0.00208807338419865	50.1810434107028	59.2377896857215	32749000	29
20220601 000333	binary	custom	TRUE	TRUE	FALSE	-100	111599	-1	31	5458	TRUE	0.00155299601929437	0.292480086791329	1158	512	0.0240982375242311	0.00940138133313303	83.3943807556352	83.4229912994488	32782000	30
20220601 000427	binary	custom	TRUE	TRUE	FALSE	-100	111599	-1	31	360	TRUE	0.0170906422981498	0.481619425312965	4484	861	0.0239411216699712	0.00244513088736858	57.2714764130069	10.5902046758274	33258000	31
20220601 001411	binary	custom	TRUE	TRUE	FALSE	-100	111599	-1	31	6769	TRUE	0.00554239329567645	0.340652669989504	6918	666	0.00970981867897838	0.00344006575892854	9.45576511512627	98.3740151459642	36044000	32
20220601 001502	binary	custom	TRUE	TRUE	FALSE	-100	111599	-1	31	465	TRUE	0.0146080972834679	0.174855952200596	2466	1333	0.0439785984212601	0.00799584500503988	75.6582413232536	13.6803979083197	27351000	33
20220601 001731	binary	custom	TRUE	TRUE	FALSE	-100	111599	-1	31	1144	TRUE	0.00900129147495974	0.364288998805404	3798	970	0.0147441935337162	0.00610815649781485	0.666401712111067	55.8495751165464	37060000	34
20220601 002135	binary	custom	TRUE	TRUE	FALSE	-100	111599	-1	31	2438	TRUE	0.0076151223865514	0.349719636983217	4289	1140	0.0147890752209872	0.00410630499239162	9.45554998199868	90.9197830938799	37211000	35
20220601 002727	binary	custom	TRUE	TRUE	FALSE	-100	111599	-1	31	3258	TRUE	0.00553351210366304	0.451493104906124	6229	1164	0.0143872425114085	0.00459558341631117	5.63314668395511	41.5944992549823	37169000	36
20220601 003519	binary	custom	TRUE	TRUE	FALSE	-100	111599	-1	31	4143	TRUE	0.00316492727941901	0.396290319105839	4878	1098	0.015786140106472	0.00438663374134816	5.78963129026237	66.9062042838311	37149000	37
20220601 003749	binary	custom	TRUE	TRUE	FALSE	-100	111599	-1	31	1316	TRUE	0.0109720836421443	0.395749460930261	4741	1194	0.0140557537802514	0.00361429701315709	4.02372116648815	64.4316096027153	37265000	38
20220601 004128	binary	custom	TRUE	TRUE	FALSE	-100	111599	-1	31	1934	TRUE	0.00661984781847265	0.362481831384161	4222	1193	0.0135015649956984	0.00564331904510096	12.3529276547769	60.1525949031289	37157000	39
20220601 004621	binary	custom	TRUE	TRUE	FALSE	-100	111599	-1	31	2771	TRUE	0.00793354450630746	0.482257576453803	5512	1143	0.0135241560176479	0.00384743110042603	7.02829865322984	80.6728869137511	37268000	40
20220601 004927	binary	custom	TRUE	TRUE	FALSE	-100	111599	-1	31	1676	TRUE	0.00768062477965166	0.372263915618922	6871	1142	0.0138473228300015	0.00329875123289764	2.54380445907875	76.5106803002183	37144000	41
20220601 005223	binary	custom	TRUE	TRUE	FALSE	-100	111599	-1	31	1321	TRUE	0.00816931817722131	0.446064618293421	3640	1143	0.015160298123532	0.00350223843486663	6.77806927650274	60.1423659635095	36925000	42
20220601 005433	binary	custom	TRUE	TRUE	FALSE	-100	111599	-1	31	1101	TRUE	0.0110690651035252	0.399306363600543	5497	1227	0.0139842239411936	0.00653699503215786	2.21478618236958	89.0688917276438	37107000	43
20220601 005725	binary	custom	TRUE	TRUE	FALSE	-100	111599	-1	31	1719	TRUE	0.0108059071301135	0.373725533749668	5167	977	0.0133136501583439	0.00427029046131335	13.7301358508059	82.8012787707774	37063000	44
20220601 010331	binary	custom	TRUE	TRUE	FALSE	-100	111599	-1	31	3445	TRUE	0.00505441159881947	0.405999419250875	5145	1260	0.0130537759256169	0.00288452105587114	0.656946297171818	93.1872254035863	37241000	45
20220601 010732	binary	custom	TRUE	TRUE	FALSE	-100	111599	-1	31	2095	TRUE	0.00549893370405036	0.327625373229043	5113	832	0.0162339787171823	0.00711299929269547	5.26813823132054	27.6077619368851	37075000	46
20220601 011215	binary	custom	TRUE	TRUE	FALSE	-100	111599	-1	31	2646	TRUE	0.00631203331246946	0.381980652712696	5184	1197	0.0140463011944	0.00403616044362305	0.92164138072389	79.9606918177227	37042000	47
20220601 011620	binary	custom	TRUE	TRUE	FALSE	-100	111599	-1	31	2500	TRUE	0.0144181485460504	0.48906618284306	6173	1292	0.0119626646267702	0.00174924178934388	10.8456516804173	94.4679326824364	36854000	48
20220601 012930	binary	custom	TRUE	TRUE	FALSE	-100	111599	-1	31	7718	TRUE	0.00282980046549533	0.437885732594468	5746	1103	0.0128369130284613	0.00266584667372179	11.4135124170114	99.912193316446	37076000	49
20220601 013207	binary	custom	TRUE	TRUE	FALSE	-100	111599	-1	31	1353	TRUE	0.0112795966188153	0.366585090852649	4873	1079	0.0130716126195676	0.00564094741021693	7.33249886552916	18.1790279288639	37126000	50
20220601 013708	binary	custom	TRUE	TRUE	FALSE	-100	111599	-1	31	2820	TRUE	0.0089410876058718	0.47683800655896	4938	1323	0.0132551727310025	0.00375693752138173	9.88162694324879	96.5936991400533	37302000	51
20220601 014258	binary	custom	TRUE	TRUE	FALSE	-100	111599	-1	31	3447	TRUE	0.00839997939220683	0.495372976673587	6977	1278	0.0128220032220114	0.00365734491524395	8.48600422989052	60.6494929129676	37191000	52
20220601 014521	binary	custom	TRUE	TRUE	FALSE	-100	111599	-1	31	1275	TRUE	0.0107856150283763	0.345599990675796	6121	1009	0.0136055847001809	0.00511752018088059	8.04914096811126	47.0033220562947	36942000	53
20220601 015119	binary	custom	TRUE	TRUE	FALSE	-100	111599	-1	31	3088	TRUE	0.00460131821818084	0.482167867568105	4485	784	0.0143929734549082	0.00703775803370722	8.682114348045	92.3696216351088	37137000	54
20220601 020444	binary	custom	TRUE	TRUE	FALSE	-100	111599	-1	31	5825	TRUE	0.00144739156929809	0.481285806979493	4849	1079	0.0167865046813882	0.00798703314657463	8.94834930150091	24.7994220256155	36796000	55
20220601 020734	binary	custom	TRUE	TRUE	FALSE	-100	111599	-1	31	1405	TRUE	0.00940881418269832	0.399622391550278	4963	1311	0.0131113558752906	0.00189672205803469	7.03581134590236	34.5657845171241	37144000	56
20220601 021325	binary	custom	TRUE	TRUE	FALSE	-100	111599	-1	31	2990	TRUE	0.00431111420842962	0.490688932136876	7670	842	0.0168226188324328	0.00507438478260524	6.60922636012747	92.701477383779	36884000	57
20220601 021517	binary	custom	TRUE	TRUE	FALSE	-100	111599	-1	31	969	TRUE	0.0116324715121757	0.309462535629873	1854	774	0.0138290735404502	0.00737885013503351	13.9845911333727	66.0604207520594	37054000	58
20220601 022122	binary	custom	TRUE	TRUE	FALSE	-100	111599	-1	31	2820	TRUE	0.00384866446765325	0.489336969697225	4513	792	0.0134603540093171	0.00604871693449013	10.2455398527677	31.3542054063998	37169000	59
20220601 022459	binary	custom	TRUE	TRUE	FALSE	-100	111599	-1	31	2146	TRUE	0.0107524828893182	0.393644742776161	4615	1286	0.0130714939648853	0.00338052911727422	8.25521040566858	95.2072730901093	37418000	60
20220601 022649	binary	custom	TRUE	TRUE	FALSE	-100	111599	-1	31	830	TRUE	0.010468353902207	0.388530196284284	4337	754	0.0160434585009794	0.00637202022238182	8.639101813672	63.7996334006281	36809000	61
20220601 023838	binary	custom	TRUE	TRUE	FALSE	-100	111599	-1	31	6466	TRUE	0.00223409777973973	0.307219488564767	83	817	0.0135501384577515	0.0067380703293639	11.8970318640376	22.0993414457483	37154000	62
20220601 024045	binary	custom	TRUE	TRUE	FALSE	-100	111599	-1	31	1294	TRUE	0.0114539887635865	0.285016979820661	70	863	0.0135641818626159	0.00862014274458638	20.9719952871143	24.6209552320835	36481000	63
20220601 025410	binary	custom	TRUE	TRUE	FALSE	-100	111599	-1	31	8889	TRUE	0.0015256534865714	0.29927697804332	887	793	0.0130559871508868	0.00571220542429316	7.64144006187443	93.4771678359815	37303000	64
20220601 030618	binary	custom	TRUE	TRUE	FALSE	-100	111599	-1	31	9999	TRUE	0.00113306355190122	0.285075479041632	3260	821	0.0133792163317113	0.00635821597557264	11.2763972252217	64.4307771642536	36989000	65
20220601 031103	binary	custom	TRUE	TRUE	FALSE	-100	111599	-1	31	2477	TRUE	0.00782784456851153	0.385964255777863	692	807	0.0126166948305056	0.00605749324837654	8.88783432271044	98.3996504960075	37771000	66
20220601 031450	binary	custom	TRUE	TRUE	FALSE	-100	111599	-1	31	1608	TRUE	0.00956033173328089	0.423536052066043	430	811	0.0103038941585427	0.00469972779384168	1.21499354214394	99.9831647605606	37157000	67
20220601 031614	binary	custom	TRUE	TRUE	FALSE	-100	111599	-1	31	518	TRUE	0.0181447061341011	0.36151243003009	165	832	0.0132795364289374	0.00637999115943054	4.94637134815837	99.9655756623073	37165000	68
20220601 031912	binary	custom	TRUE	TRUE	FALSE	-100	111599	-1	31	1623	TRUE	0.00790367781074835	0.390694459893153	108	800	0.0131280954233161	0.0061218316736622	26.0970201863349	99.7597293662114	36639000	69
20220601 032442	binary	custom	TRUE	TRUE	FALSE	-100	111599	-1	31	2773	TRUE	0.00667379742981845	0.391815494860321	1299	711	0.0123754089001469	0.00769141862968993	0.218664796811046	86.3169365001528	37999000	70
20220601 033209	binary	custom	TRUE	TRUE	FALSE	-100	111599	-1	31	4094	TRUE	0.00560484497577511	0.367075976862437	1281	551	0.0122652748480494	0.00719671120827387	0.262390312837719	99.899630840427	37917000	71
20220601 033955	binary	custom	TRUE	TRUE	FALSE	-100	111599	-1	31	4418	TRUE	0.00679766915791909	0.384542809644377	1961	715	0.0121647889228514	0.00887634890008441	1.90272661265902	99.8609092966516	37823000	72
20220601 034547	binary	custom	TRUE	TRUE	FALSE	-100	111599	-1	31	3021	TRUE	0.00690419526850948	0.396723210026367	1239	653	0.0121740494292303	0.00689401605934238	0.205285264692094	84.3126963572793	37922000	73
20220601 035122	binary	custom	TRUE	TRUE	FALSE	-100	111599	-1	31	2744	TRUE	0.00628327606107872	0.4016194355382	1188	808	0.0125242384201085	0.00698969010086905	0.157444881014944	95.7109712271442	38150000	74
20220601 035553	binary	custom	TRUE	TRUE	FALSE	-100	111599	-1	31	1854	TRUE	0.00437786385305697	0.356691379619216	754	867	0.0185176273076807	0.00731546307170214	0.140954814072279	99.826756036096	36560000	75
20220601 035738	binary	custom	TRUE	TRUE	FALSE	-100	111599	-1	31	927	TRUE	0.0119847400100001	0.328898458131033	7987	1294	0.0177410607399352	0.00276034133987611	7.71628257367438	7.86273618825422	36917000	76
20220601 035932	binary	custom	TRUE	TRUE	FALSE	-100	111599	-1	31	672	TRUE	0.0149089821392699	0.401628897713589	1012	510	0.0126179647782965	0.00761953045540652	0.0855235700035947	8.9274957307479	37212000	77
20220601 040207	binary	custom	TRUE	TRUE	FALSE	-100	111599	-1	31	1408	TRUE	0.0164184023764253	0.441151528984052	3244	503	0.0125547312227812	0.00581482722441875	0.213192864110981	89.6839749973143	37428000	78
20220601 041214	binary	custom	TRUE	TRUE	FALSE	-100	111599	-1	31	5573	TRUE	0.00211487105070244	0.365159165111576	7979	1110	0.0189942859445158	0.00318379002914339	9.07218648129789	31.5794137004825	36712000	79
20220601 041723	binary	custom	TRUE	TRUE	FALSE	-100	111599	-1	31	3434	TRUE	0.00514348886803192	0.240840427060061	7751	1498	0.0169156390313494	0.00539580323131503	9.20584717870451	47.2815760616435	37208000	80
20220601 041849	binary	custom	TRUE	TRUE	FALSE	-100	111599	-1	31	938	TRUE	0.0199937688799129	0.205717995133505	6622	1373	0.0171696308808345	0.00246608371461418	7.3946681849184	59.0727306848461	36957000	81
20220601 042032	binary	custom	TRUE	TRUE	FALSE	-100	111599	-1	31	1249	TRUE	0.0125494701688229	0.123279796319579	4011	1499	0.0163792052180646	0.00739048146650801	6.64526533624785	0.373411129708585	37025000	82
20220601 042210	binary	custom	TRUE	TRUE	FALSE	-100	111599	-1	31	731	TRUE	0.0121081891861693	0.206297535108816	664	1481	0.0124405873469458	0.00497513542383789	0.482816287568953	67.2847328748749	37201000	83
20220601 043205	binary	custom	TRUE	TRUE	FALSE	-100	111599	-1	31	4462	TRUE	0.00194390905965854	0.225373788135718	1079	1436	0.0170261810166582	0.00617317298402217	0.165210091826263	16.718582504621	37351000	84
20220601 043417	binary	custom	TRUE	TRUE	FALSE	-100	111599	-1	31	1261	TRUE	0.0118031450080671	0.183750380505957	1654	1421	0.0169763095750297	0.00717638042277059	1.38895725777984	96.7958749699859	37243000	85
20220601 044054	binary	custom	TRUE	TRUE	FALSE	-100	111599	-1	31	2634	TRUE	0.00310970200040346	0.384492447349842	1389	1496	0.0126481892394244	0.00769921624291573	4.92726874769643	0.338241312453115	37541000	86
20220601 044713	binary	custom	TRUE	TRUE	FALSE	-100	111599	-1	31	3197	TRUE	0.00260914953487335	0.343188750353776	4606	1499	0.0160740214141055	0.00555507000723267	27.5112480721318	12.5832594239801	36550000	87
20220601 045732	binary	custom	TRUE	TRUE	FALSE	-100	111599	-1	31	9490	TRUE	0.00167887174684027	0.110450472125666	2941	1425	0.0126522928182737	0.00813424225372327	0.0268888240078133	24.9484384912229	36638000	88
20220601 050055	binary	custom	TRUE	TRUE	FALSE	-100	111599	-1	31	1208	TRUE	0.0116959386300827	0.483198543607738	563	1396	0.0124458691251043	0.00785667445739384	0.0705639777455402	37.4834284348446	37697000	89
20220601 050637	binary	custom	TRUE	TRUE	FALSE	-100	111599	-1	31	2165	TRUE	0.00472743562396546	0.413672033845944	758	1238	0.012330088622146	0.0046755289219	0.081418561304045	24.1842774456677	37780000	90
20220601 051453	binary	custom	TRUE	TRUE	FALSE	-100	111599	-1	31	3807	TRUE	0.00358528684451708	0.412506566759515	1424	1461	0.0117783002570095	0.00657492797906016	0.396601253468194	46.0738811936518	37791000	91
20220601 051929	binary	custom	TRUE	TRUE	FALSE	-100	111599	-1	31	1440	TRUE	0.00466690778145548	0.392584142940459	740	1372	0.0105234301542053	0.00666971232059143	0.0544711863263087	13.1548504666708	37332000	92
20220601 052124	binary	custom	TRUE	TRUE	FALSE	-100	111599	-1	31	706	TRUE	0.0137470965787307	0.48014969565738	1335	804	0.0123555935886375	0.00201540074918243	0.110146844399972	24.6993180530427	37734000	93
20220601 052710	binary	custom	TRUE	TRUE	FALSE	-100	111599	-1	31	2287	TRUE	0.00471687920350171	0.478341354022626	1029	1110	0.0121684791036904	0.00680573088617615	0.156512048021854	50.4522488934745	38020000	94
20220601 053034	binary	custom	TRUE	TRUE	FALSE	-100	111599	-1	31	1523	TRUE	0.0104566238314191	0.442241456307874	1226	1110	0.0124476800843668	0.00670533766295088	0.00834906265065524	95.946487847198	37817000	95
20220601 053224	binary	custom	TRUE	TRUE	FALSE	-100	111599	-1	31	1357	TRUE	0.0116607891998145	0.12945136673361	5096	1095	0.0172633230486742	0.00212647847396037	1.56448345502343	99.9987593490165	36726000	96
20220601 053924	binary	custom	TRUE	TRUE	FALSE	-100	111599	-1	31	4416	TRUE	0.00403600900970226	0.224504795334878	2376	1498	0.0179175384645721	0.00997819762983306	1.81541192066282	59.6532600375992	37302000	97
20220601 054315	binary	custom	TRUE	TRUE	FALSE	-100	111599	-1	31	2677	TRUE	0.0073540137821674	0.216605513191094	7603	500	0.016415614180604	0.00896427816491431	0.265915506798772	98.9272587884587	37369000	98
20220601 054426	binary	custom	TRUE	TRUE	FALSE	-100	111599	-1	31	504	TRUE	0.0156560057562759	0.364162562811492	7187	1437	0.0174369277413995	0.00996072434899877	0.175363646861498	22.8415237449206	36818000	99
20220601 054654	binary	custom	TRUE	TRUE	FALSE	-100	111599	-1	31	1442	TRUE	0.0068132004738124	0.223572370005189	6937	1110	0.0179964939179193	0.00977023521726498	2.7006127838924	94.7181692889022	36703000	100
20220601 054952	binary	custom	TRUE	TRUE	FALSE	-100	111599	-1	31	1519	TRUE	0.00521231374308528	0.231174713825756	7401	505	0.0168737393159836	0.00497396593369976	0.33789773512588	1.74092860903568	37204000	101
20220601 055335	binary	custom	TRUE	TRUE	FALSE	-100	111599	-1	31	1662	TRUE	0.0043530087028602	0.228536429610311	2350	554	0.0128708833778091	0.00242232378628142	0.00392639490788343	13.2498593712253	36977000	102
20220601 060518	binary	custom	TRUE	TRUE	FALSE	-100	111599	-1	31	7365	TRUE	0.0013197615621665	0.199180877209042	2734	500	0.0170110611243551	0.00780564947673097	0.0631309167895028	32.9242333211695	37019000	103
20220601 060706	binary	custom	TRUE	TRUE	FALSE	-100	111599	-1	31	870	TRUE	0.019276797525417	0.484523625530785	7993	527	0.0138676296903238	0.00118733510398042	0.0740860929723048	9.18334730823639	36953000	104
20220601 060815	binary	custom	TRUE	TRUE	FALSE	-100	111599	-1	31	597	TRUE	0.0144529175630871	0.220215006560576	7945	500	0.0187558843612373	0.0075235043425707	0.197340977452259	46.1526194943171	36897000	105
20220601 061023	binary	custom	TRUE	TRUE	FALSE	-100	111599	-1	31	1296	TRUE	0.0125379393012716	0.110544580903152	388	1485	0.0186361051248582	0.0058589991565311	0.85316928382484	37.519993485822	36995000	106
20220601 061211	binary	custom	TRUE	TRUE	FALSE	-100	111599	-1	31	825	TRUE	0.0152172860555484	0.438621597737014	3846	1500	0.012783583475104	0.00395769825319778	0.240660816147918	44.7171074083279	37157000	107
20220601 061316	binary	custom	TRUE	TRUE	FALSE	-100	111599	-1	31	355	TRUE	0.0148068104409683	0.391742522773907	4855	500	0.0173639306977235	0.00139599729822263	0.169350244456627	0.68061095094763	36550000	108
20220601 062710	binary	custom	TRUE	TRUE	FALSE	-100	111599	-1	31	9403	TRUE	0.0024433265525745	0.39166365785482	7765	555	0.0126888299428457	0.0090226139127356	0.157648932455576	65.3148409287025	36903000	109
20220601 062901	binary	custom	TRUE	TRUE	FALSE	-100	111599	-1	31	939	TRUE	0.0156913762364155	0.391971595721074	7974	525	0.0146836813634211	0.00385966170915364	0.649382376812981	99.5290618647833	37200000	110
20220601 063023	binary	custom	TRUE	TRUE	FALSE	-100	111599	-1	31	444	TRUE	0.0198193347655829	0.489706730969029	1083	1135	0.012411058390282	0.00611795796810527	0.0657712636883363	24.5530462469033	37736000	111
20220601 063325	binary	custom	TRUE	TRUE	FALSE	-100	111599	-1	31	1293	TRUE	0.0109236819985017	0.49922542605987	1161	853	0.0121083890643086	0.00667581495690204	0.172671886437846	68.579035315369	37920000	112
20220601 063507	binary	custom	TRUE	TRUE	FALSE	-100	111599	-1	31	750	TRUE	0.019834541125666	0.398222142309945	1222	1126	0.0125387645060405	0.00182613928111569	0.0499667521132788	62.9525475057119	37941000	113
20220601 063655	binary	custom	TRUE	TRUE	FALSE	-100	111599	-1	31	719	TRUE	0.0172872386985831	0.415703515463986	1165	1103	0.01246934537144	0.00162155795107843	0.037622361020944	32.1013675452579	37855000	114
20220601 063759	binary	custom	TRUE	TRUE	FALSE	-100	111599	-1	31	258	TRUE	0.0199468723862573	0.487688514445372	1210	1083	0.0124555872381895	0.00287019847356117	0.836617976818449	0.164073149351143	37198000	115
20220601 064448	binary	custom	TRUE	TRUE	FALSE	-100	111599	-1	31	2669	TRUE	0.00382392506826449	0.425108491834475	957	947	0.0123099387156435	0.00731984028418808	0.298509943202556	31.7046571228769	37971000	116
20220601 064811	binary	custom	TRUE	TRUE	FALSE	-100	111599	-1	31	1391	TRUE	0.00826601469723753	0.452064955052871	1297	1114	0.0123741383832338	0.00616111256143298	0.00763450112788974	41.6880049582584	37903000	117
20220601 065007	binary	custom	TRUE	TRUE	FALSE	-100	111599	-1	31	915	TRUE	0.0184777246172143	0.316126037146274	1238	1311	0.0125303535058273	0.00730548100823068	6.38711663696991	32.9938838917819	38049000	118
20220601 065222	binary	custom	TRUE	TRUE	FALSE	-100	111599	-1	31	1147	TRUE	0.0181615802822164	0.357859837367964	1581	1162	0.0122831312784788	0.00841401410965474	0.644052141297136	58.4691416555266	37837000	119
20220601 065312	binary	custom	TRUE	TRUE	FALSE	-100	111599	-1	31	405	TRUE	0.0199189949686142	0.313805691198395	1207	1403	0.0124125769898651	0.00317290584039332	54.4009449677819	16.3554948601044	36280000	120
20220601 065517	binary	custom	TRUE	TRUE	FALSE	-100	111599	-1	31	958	TRUE	0.018207500421637	0.401583732867682	1218	1302	0.0124423193279278	0.00344544942788977	0.291646964362115	55.3162713292326	37996000	121
20220601 070811	binary	custom	TRUE	TRUE	FALSE	-100	111599	-1	31	6284	TRUE	0.00288996331043224	0.371645759789183	857	1325	0.0124896609756207	0.007986351161581	1.90490974344012	66.1683453024509	38013000	122
20220601 071011	binary	custom	TRUE	TRUE	FALSE	-100	111599	-1	31	834	TRUE	0.0185069079695564	0.40805072857347	1760	850	0.0124042506442698	0.00287394786681706	0.0333112336319506	55.752322933161	37850000	123
20220601 071313	binary	custom	TRUE	TRUE	FALSE	-100	111599	-1	31	1582	TRUE	0.0140115869704679	0.434318736810805	2166	844	0.0125617719398	0.00168973335185081	3.66647338119734	93.8597091545218	37317000	124
20220601 071853	binary	custom	TRUE	TRUE	FALSE	-100	111599	-1	31	2001	TRUE	0.00508360300910269	0.363560098486264	234	1092	0.0123413166483087	0.00758267780024751	0.126459379202276	67.1469711050755	37421000	125
20220601 073447	binary	custom	TRUE	TRUE	FALSE	-100	111599	-1	31	9516	TRUE	0.00216601608658203	0.462368685866106	1194	1347	0.0124235647768122	0.00833745210569957	4.70111527298438	94.6915657848829	37750000	126
20220601 074252	binary	custom	TRUE	TRUE	FALSE	-100	111599	-1	31	3450	TRUE	0.00331810525695105	0.417644424889603	1249	1324	0.0124983924109822	0.0073476221750645	1.60864327066695	39.3630783819796	38003000	127
20220601 074848	binary	custom	TRUE	TRUE	FALSE	-100	111599	-1	31	2852	TRUE	0.00569732302144987	0.397260900257797	1215	1377	0.0124915983838057	0.00790314146876812	1.98953067494446	59.7046093561235	38147000	128
20220601 075218	binary	custom	TRUE	TRUE	FALSE	-100	111599	-1	31	1660	TRUE	0.00965264361680689	0.389305833840772	1219	1342	0.0123675953149568	0.00774646651875258	5.61266486443873	56.4069852172993	37865000	129
20220601 075312	binary	custom	TRUE	TRUE	FALSE	-100	111599	-1	31	551	TRUE	0.0199481829090084	0.145115038068971	6924	507	0.0156477340474	0.00659282621453031	0.0481567896627289	25.5796965849856	36929000	130
20220601 075434	binary	custom	TRUE	TRUE	FALSE	-100	111599	-1	31	641	TRUE	0.0196304995717864	0.203092902362594	899	1431	0.0137987116401386	0.00836983835397781	0.0926176029432719	26.0863667982748	37485000	131
20220601 075525	binary	custom	TRUE	TRUE	FALSE	-100	111599	-1	31	319	TRUE	0.0199284276566068	0.200139713767152	1571	1293	0.0177594813539472	0.00790037239409952	0.456138495692096	11.5685667931458	37258000	132
20220601 075805	binary	custom	TRUE	TRUE	FALSE	-100	111599	-1	31	1638	TRUE	0.0182742566419171	0.345632057752199	3633	785	0.0122980527016385	0.00654623005199584	0.0150942985048986	99.6408294821584	37160000	133
20220601 080544	binary	custom	TRUE	TRUE	FALSE	-100	111599	-1	31	3284	TRUE	0.00384483359951889	0.487370124491189	1198	797	0.0124703309162073	0.00822100554796475	0.251822975078655	57.2502641304111	38102000	134
20220601 080758	binary	custom	TRUE	TRUE	FALSE	-100	111599	-1	31	1021	TRUE	0.0181721172822911	0.393505709127415	1347	1320	0.0128625848199727	0.00605523635977794	2.76407545611185	64.5381137516509	37915000	135
20220601 080923	binary	custom	TRUE	TRUE	FALSE	-100	111599	-1	31	894	TRUE	0.019943425152352	0.29277162537151	7949	1135	0.0158722602138417	0.00360193894032127	18.5847914072032	31.4079940261676	37083000	136
20220601 081057	binary	custom	TRUE	TRUE	FALSE	-100	111599	-1	31	745	TRUE	0.0199183551592143	0.327366184441999	1377	1372	0.0126058090929125	0.00988937397618291	6.08788992410809	9.23064628153403	37525000	137
20220601 081526	binary	custom	TRUE	TRUE	FALSE	-100	111599	-1	31	2584	TRUE	0.0043363849302744	0.293463079790635	6462	1421	0.0179976017910421	0.00472244418697408	12.9586450370793	99.9882870532349	36429000	138
20220601 081627	binary	custom	TRUE	TRUE	FALSE	-100	111599	-1	31	531	TRUE	0.0191503608271621	0.184421721968966	2553	1119	0.0126055687377588	0.00194095886312181	7.25972115249272	17.0179159866383	36951000	139
20220601 081748	binary	custom	TRUE	TRUE	FALSE	-100	111599	-1	31	916	TRUE	0.0148676484142695	0.100672233352898	7771	1314	0.0170800880454634	0.00811936770762672	2.24597582713456	40.1833042309149	36984000	140
20220601 082236	binary	custom	TRUE	TRUE	FALSE	-100	111599	-1	31	3818	TRUE	0.00383268544860273	0.110191621695028	6265	518	0.017019642127411	0.00123734417004925	7.34251471133515	24.537542384772	36876000	141
20220601 082414	binary	custom	TRUE	TRUE	FALSE	-100	111599	-1	31	1340	TRUE	0.0140954057303636	0.141840823815111	4460	1475	0.0135992913161322	0.00743334778031708	41.6730231961823	98.490204782485	36178000	142
20220601 082605	binary	custom	TRUE	TRUE	FALSE	-100	111599	-1	31	784	TRUE	0.0158873824006937	0.393034254127275	1243	800	0.0124190186064769	0.00647112216711481	0.0112257447101853	34.2537883758431	37865000	143
20220601 082828	binary	custom	TRUE	TRUE	FALSE	-100	111599	-1	31	1282	TRUE	0.00497377322297174	0.113947928513132	4660	515	0.0207331151396296	0.00767016658646698	0.742799582541556	0.704489777980771	36375000	144
20220601 083013	binary	custom	TRUE	TRUE	FALSE	-100	111599	-1	31	1000	TRUE	0.0198134361005896	0.358671920616936	1063	1490	0.0126648796071984	0.0077913875992409	16.5584058114835	31.9577784665648	37038000	145
20220601 083251	binary	custom	TRUE	TRUE	FALSE	-100	111599	-1	31	2304	TRUE	0.00754990878847789	0.106424734462686	8000	641	0.0159227641006626	0.00705710492519606	23.2374549533073	92.7944128890899	36505000	146
20220601 083829	binary	custom	TRUE	TRUE	FALSE	-100	111599	-1	31	2660	TRUE	0.00495357011494231	0.347839830836805	1296	1385	0.0126439882168571	0.00723964861133027	0.212263946857651	45.3877163341437	37714000	147
20220601 084135	binary	custom	TRUE	TRUE	FALSE	-100	111599	-1	31	1682	TRUE	0.00776756743117729	0.494953569750613	7938	1061	0.0135192291138159	0.00309479954694516	45.5165814292574	92.1990464219972	35831000	148
20220601 084330	binary	custom	TRUE	TRUE	FALSE	-100	111599	-1	31	1159	TRUE	0.0174545787479508	0.257068719748037	7972	1378	0.0125548291930909	0.00838933964659453	2.4637528245979	13.2774102624112	37090000	149
20220601 084443	binary	custom	TRUE	TRUE	FALSE	-100	111599	-1	31	810	TRUE	0.0190007447787688	0.271649671605817	7983	1413	0.0144530188717343	0.00999259784291527	46.375695180746	10.8126774177193	35812000	150
20220601 085200	binary	custom	TRUE	TRUE	FALSE	-100	111599	-1	31	3408	TRUE	0.00443071138189236	0.372059458095371	988	1406	0.0123684430015384	0.00948995442704516	0.280187648382712	65.3054551505629	38082000	151
20220601 085345	binary	custom	TRUE	TRUE	FALSE	-100	111599	-1	31	834	TRUE	0.0189354007687077	0.307479296501707	2293	1293	0.0124183546624169	0.00398755750849948	1.39024503514994	29.2158259291423	37477000	152
20220601 090133	binary	custom	TRUE	TRUE	FALSE	-100	111599	-1	31	3243	TRUE	0.00347944929580749	0.440084817679919	1185	1248	0.0125423659725119	0.0089661559409764	2.6743071346928	26.8202230272325	37991000	153
20220601 090314	binary	custom	TRUE	TRUE	FALSE	-100	111599	-1	31	903	TRUE	0.0175024677953016	0.254175589309221	1041	1266	0.0132710743177699	0.00229610388901815	6.99498072610428	52.0416201721973	37418000	154
20220601 091926	binary	custom	TRUE	TRUE	FALSE	-100	111599	-1	31	7996	TRUE	0.00148493663086714	0.457775531022687	1120	774	0.0125868337000124	0.00312568443758167	5.98578533296574	15.3732062022755	37965000	155
20220601 092616	binary	custom	TRUE	TRUE	FALSE	-100	111599	-1	31	2715	TRUE	0.00342200421160974	0.434672877754179	1228	931	0.0126697246137351	0.00752017573030094	5.68164014058902	13.3542764664795	37833000	156
20220601 093851	binary	custom	TRUE	TRUE	FALSE	-100	111599	-1	31	7270	TRUE	0.00107347438098985	0.416508822624383	985	1170	0.0125061921039278	0.00544863268288414	42.4247488930599	26.5934428454755	36320000	157
20220601 094016	binary	custom	TRUE	TRUE	FALSE	-100	111599	-1	31	831	TRUE	0.0148243242883546	0.102244592198563	1238	998	0.0166185802658111	0.00828733112190992	5.4592585197556	32.7427791561505	37432000	158
20220601 095042	binary	custom	TRUE	TRUE	FALSE	-100	111599	-1	31	9138	TRUE	0.00101323120405407	0.158440422454624	6457	1098	0.0157952057820574	0.00979038017210229	8.0678426906924	1.19912743306507	37085000	159
20220601 095348	binary	custom	TRUE	TRUE	FALSE	-100	111599	-1	31	1182	TRUE	0.00528577660295431	0.244411834554003	1071	1293	0.0186732638040193	0.00974625662445769	6.08060703582219	1.24204657492138	36795000	160
20220601 095452	binary	custom	TRUE	TRUE	FALSE	-100	111599	-1	31	484	TRUE	0.0199925563820043	0.497506843895133	4700	853	0.0124063970520579	0.00194321620166085	39.9831581556168	36.7139057100542	35909000	161
20220601 095600	binary	custom	TRUE	TRUE	FALSE	-100	111599	-1	31	741	TRUE	0.0199369983974987	0.26547654766944	1083	1254	0.0125722943162551	0.00983610818517641	60.7325218036438	96.5244918651468	35899000	162
20220601 100105	binary	custom	TRUE	TRUE	FALSE	-100	111599	-1	31	2318	TRUE	0.00242686106567612	0.100272726192731	1415	801	0.0160735745020221	0.00863321159738772	0.151524253848781	1.40091234494478	37072000	163
20220601 100220	binary	custom	TRUE	TRUE	FALSE	-100	111599	-1	31	622	TRUE	0.0162431085045447	0.166308916099316	7936	961	0.0172802135825168	0.00758419987964431	2.87627199263017	0.916883441020305	36839000	164
20220601 100300	binary	custom	TRUE	TRUE	FALSE	-100	111599	-1	31	449	TRUE	0.0195266024074423	0.103376254344147	549	1279	0.0127043307916228	0.00838651181474694	93.6721104602959	14.5115022615022	34110000	165
20220601 100453	binary	custom	TRUE	TRUE	FALSE	-100	111599	-1	31	1111	TRUE	0.0186048095102655	0.209616596668736	970	1285	0.0124727469039319	0.0086396328961183	4.77022378244942	50.1281147886622	37687000	166
20220601 100849	binary	custom	TRUE	TRUE	FALSE	-100	111599	-1	31	3021	TRUE	0.00652765047942325	0.11635472261614	1953	500	0.0149085305581871	0.00727961711379683	0.628295650863285	98.3393695065476	37037000	167
20220601 101242	binary	custom	TRUE	TRUE	FALSE	-100	111599	-1	31	1886	TRUE	0.00722851991684075	0.469563537806041	4185	1414	0.0122885659336005	0.00853734146231696	0.675181633377346	66.3121804364934	37338000	168
20220601 102633	binary	custom	TRUE	TRUE	FALSE	-100	111599	-1	31	9980	TRUE	0.00113608821024063	0.438628638103059	7994	1307	0.0133932663383519	0.00309133563254554	4.1239687380342	4.83071693178129	36928000	169
20220601 103722	binary	custom	TRUE	TRUE	FALSE	-100	111599	-1	31	9186	TRUE	0.00185013870516803	0.268534433438705	5076	1403	0.0154781440729374	0.00996201682866055	58.1865958629409	65.7170137194014	36245000	170
20220601 104505	binary	custom	TRUE	TRUE	FALSE	-100	111599	-1	31	4295	TRUE	0.00319438984398327	0.174498668795834	399	1500	0.0157310992442974	0.00928255784804243	4.41863112157914	73.2315433828912	37352000	171
20220601 105215	binary	custom	TRUE	TRUE	FALSE	-100	111599	-1	31	3397	TRUE	0.00576499312274921	0.370198831637146	546	1499	0.0125732969098326	0.00852707959771098	0.529871205117619	94.1382041074714	37780000	172
20220601 105655	binary	custom	TRUE	TRUE	FALSE	-100	111599	-1	31	1774	TRUE	0.00418512229129537	0.314386159269372	770	1459	0.0165528356293476	0.00942559928201394	0.553886616904099	61.4168701003326	37190000	173
20220601 110622	binary	custom	TRUE	TRUE	FALSE	-100	111599	-1	31	9871	TRUE	0.00130119612951337	0.100040641899962	1555	1277	0.0175198821624564	0.00813596360647327	8.96238080564247	62.8029970647971	36402000	174
20220601 110756	binary	custom	TRUE	TRUE	FALSE	-100	111599	-1	31	698	TRUE	0.0196536810649533	0.327064233782561	1087	585	0.0124678607922029	0.0040969517852136	6.97281602564635	29.3221640798309	37994000	175
20220601 110918	binary	custom	TRUE	TRUE	FALSE	-100	111599	-1	31	678	TRUE	0.0196688590145594	0.275223211195384	1185	705	0.0126788151974457	0.00615425254409446	6.29542668603538	27.1813635597962	37843000	176
20220601 111444	binary	custom	TRUE	TRUE	FALSE	-100	111599	-1	31	2235	TRUE	0.00505195876722859	0.456195995746832	998	537	0.0126935936600893	0.00474938105269003	3.21497152649467	33.9341556949439	38123000	177
20220601 112051	binary	custom	TRUE	TRUE	FALSE	-100	111599	-1	31	2488	TRUE	0.00471283752869158	0.498873976900519	1075	617	0.0125929830258027	0.00389132338041931	2.68760629139521	33.6821966086861	38025000	178
20220601 112836	binary	custom	TRUE	TRUE	FALSE	-100	111599	-1	31	5150	TRUE	0.00327150889252006	0.235859619983991	7995	501	0.0152091286225084	0.00740637425754184	11.1916933012265	20.602786900239	37093000	179
20220601 113404	binary	custom	TRUE	TRUE	FALSE	-100	111599	-1	31	2514	TRUE	0.0060846447890045	0.428880465451292	1026	508	0.01252812925263	0.00360430948832943	6.73323342140658	30.6085936689454	38205000	180
20220601 113907	binary	custom	TRUE	TRUE	FALSE	-100	111599	-1	31	2237	TRUE	0.00606917161253546	0.42716543381617	1104	501	0.0119624349142974	0.00367976813477195	5.83276744304225	32.4255893128109	37888000	181
20220601 114117	binary	custom	TRUE	TRUE	FALSE	-100	111599	-1	31	989	TRUE	0.0170432042509039	0.433125159197249	947	550	0.0129016590358963	0.0028205066920473	7.66957331472766	29.0766871674902	37829000	182
20220601 114310	binary	custom	TRUE	TRUE	FALSE	-100	111599	-1	31	1375	TRUE	0.018201378342296	0.173598889454793	7968	1465	0.0149466195590985	0.00925381187202525	6.24719268550231	99.581536511631	37166000	183
20220601 114426	binary	custom	TRUE	TRUE	FALSE	-100	111599	-1	31	634	TRUE	0.0179107597375777	0.186006373982811	958	506	0.015850237454583	0.00280954469569142	3.1360033742077	27.3225332248058	37321000	184
20220601 114528	binary	custom	TRUE	TRUE	FALSE	-100	111599	-1	31	488	TRUE	0.0181471102883272	0.165245067747271	4429	1487	0.0210258319678893	0.00939701089463865	0.168441254039903	66.6173438933295	36225000	185
20220601 114600	binary	custom	TRUE	TRUE	FALSE	-100	111599	-1	31	17	TRUE	0.0174290752916838	0.302758972523036	1135	1436	0.0083550122343443	0.00759678995545108	13.1862540513518	65.2190615148452	34122000	186
20220601 114717	binary	custom	TRUE	TRUE	FALSE	-100	111599	-1	31	581	TRUE	0.0171559206639859	0.218523722488473	960	500	0.0209764435921588	0.00572159217890386	0.00945986041193975	48.9638251508498	36105000	187
20220601 114847	binary	custom	TRUE	TRUE	FALSE	-100	111599	-1	31	672	TRUE	0.0181262107736718	0.486100225995904	7953	1251	0.0212734060483999	0.00104785675304448	0.00756334725642534	22.4383098598723	36381000	188
20220601 115012	binary	custom	TRUE	TRUE	FALSE	-100	111599	-1	31	583	TRUE	0.0122418943252695	0.374324646323658	7904	500	0.0213469481223334	0.00274121611330714	0.658378029933885	25.057300472514	36316000	189
20220601 120004	binary	custom	TRUE	TRUE	FALSE	-100	111599	-1	31	4726	TRUE	0.00286649321815976	0.399792485479765	1171	501	0.012941140860755	0.00218232752353996	4.49087291189544	73.4064474245533	37798000	190
20220601 120205	binary	custom	TRUE	TRUE	FALSE	-100	111599	-1	31	899	TRUE	0.0154362170727888	0.498633442654602	7873	882	0.0208209781445524	0.0099677577389798	0.110892189495391	94.4315556506798	36150000	191
20220601 120354	binary	custom	TRUE	TRUE	FALSE	-100	111599	-1	31	985	TRUE	0.0199428481196487	0.425462546972671	7998	1174	0.0129052835315491	0.00214474610292738	2.27751603186916	34.4773852811432	37015000	192
20220601 120517	binary	custom	TRUE	TRUE	FALSE	-100	111599	-1	31	648	TRUE	0.018188530105599	0.231733680983921	1461	1144	0.0152908448839881	0.00803498783214237	3.47864536180417	31.0799624870784	37319000	193
20220601 120646	binary	custom	TRUE	TRUE	FALSE	-100	111599	-1	31	599	TRUE	0.0150858303907822	0.100962130105579	277	1021	0.0232147611584363	0.0099857900979618	0.0387366919310417	7.1690375426265	34666000	194
20220601 121450	binary	custom	TRUE	TRUE	FALSE	-100	111599	-1	31	3528	TRUE	0.00403711509150316	0.426797040585918	945	1395	0.0124910982301267	0.00749690319021485	0.181192188116967	65.5415830081808	38144000	195
20220601 121552	binary	custom	TRUE	TRUE	FALSE	-100	111599	-1	31	416	TRUE	0.0186797871602351	0.164037638575364	4029	992	0.0193988789834301	0.00367189564440761	0.087801459824101	24.4572196448465	36815000	196
20220601 122905	binary	custom	TRUE	TRUE	FALSE	-100	111599	-1	31	3839	TRUE	0.00155860766371294	0.498534306484906	748	961	0.0206920632313928	0.00247352615876717	0.115056469617255	11.4787996915047	36522000	197
20220601 123950	binary	custom	TRUE	TRUE	FALSE	-100	111599	-1	31	5397	TRUE	0.00274029894569009	0.485965473363984	5121	502	0.0199938544849623	0.00574978354846681	6.73681156436105	18.2228220438836	36444000	198
20220601 124243	binary	custom	TRUE	TRUE	FALSE	-100	111599	-1	31	977	TRUE	0.00694557782365351	0.469606827920839	7635	1497	0.0220992811201898	0.00642038514657221	0.12106360110909	7.34307573188384	36169000	199
20220601 124417	binary	custom	TRUE	TRUE	FALSE	-100	111599	-1	31	758	TRUE	0.0153598982088408	0.143108030890692	952	1367	0.0165842645540055	0.00100376791974835	0.564513668050738	32.6802587175242	37403000	200
20220601 125312	binary	custom	TRUE	TRUE	FALSE	-100	111599	-1	31	3912	TRUE	0.00270417711954673	0.436701260942408	1565	1497	0.0217298779437764	0.00992932013978125	0.250025522978905	99.9000584241646	36103000	201
20220601 125649	binary	custom	TRUE	TRUE	FALSE	-100	111599	-1	31	1980	TRUE	0.00428994686085825	0.184055776255985	7985	1128	0.0158113360155844	0.00103388429664696	4.80850986776957	14.8158607959578	37095000	202
20220601 125817	binary	custom	TRUE	TRUE	FALSE	-100	111599	-1	31	999	TRUE	0.0176973843651159	0.268794472856385	7650	1372	0.0157803987177449	0.00294166265349584	58.5203899277649	90.0038450282931	35995000	203
20220601 130221	binary	custom	TRUE	TRUE	FALSE	-100	111599	-1	31	2189	TRUE	0.00558135304719493	0.363976456172296	7955	806	0.015755091749836	0.00106519381597794	7.02770091740689	17.7005865858795	37033000	204
20220601 131128	binary	custom	TRUE	TRUE	FALSE	-100	111599	-1	31	5598	TRUE	0.00191924479086058	0.32123026594913	1087	502	0.0128335054626681	0.00286226062472024	55.5218550324771	6.24041724783312	36065000	205
20220601 131251	binary	custom	TRUE	TRUE	FALSE	-100	111599	-1	31	830	TRUE	0.0155279135040184	0.100186288223509	4406	1007	0.0160051760697313	0.00327481981853211	0.0155456243276516	20.3850931469969	37062000	206
20220601 132504	binary	custom	TRUE	TRUE	FALSE	-100	111599	-1	31	9735	TRUE	0.00109481256542855	0.293019574252872	6345	974	0.0212219393285717	0.00848818392932074	0.0835618528823277	27.006264348393	36133000	207
20220601 132733	binary	custom	TRUE	TRUE	FALSE	-100	111599	-1	31	893	TRUE	0.0158246625671115	0.496466724490677	705	1291	0.0125185735429817	0.00325305519231543	0.0479727775744507	54.1495828531518	37661000	208
20220601 134300	binary	custom	TRUE	TRUE	FALSE	-100	111599	-1	31	8087	TRUE	0.00110505383914473	0.478379695903132	1464	612	0.0220810408775815	0.00108379997704477	0.00705208250883506	98.3773215636199	35943000	209
20220601 134740	binary	custom	TRUE	TRUE	FALSE	-100	111599	-1	31	2639	TRUE	0.0122608040060196	0.496752745162774	6339	675	0.0103112371601786	0.00715252126993772	0.412733105542698	99.9632214501366	36382000	210
20220601 134940	binary	custom	TRUE	TRUE	FALSE	-100	111599	-1	31	1041	TRUE	0.012652807143817	0.392181409504586	7654	1499	0.0148220446614364	0.00161883526518382	4.84333381156941	63.5847172714802	37090000	211
20220601 135535	binary	custom	TRUE	TRUE	FALSE	-100	111599	-1	31	2312	TRUE	0.0063132747355797	0.489924201337039	759	1368	0.0110835922520884	0.00996000283770287	0.085427432509953	37.6365448630173	37450000	212
20220601 135921	binary	custom	TRUE	TRUE	FALSE	-100	111599	-1	31	1388	TRUE	0.00750498930053632	0.407476638209544	952	1361	0.0123963978965357	0.00823751039183063	0.0761293176746396	22.0697677831172	37870000	213
20220601 140053	binary	custom	TRUE	TRUE	FALSE	-100	111599	-1	31	427	TRUE	0.0157550326118488	0.48970919445513	720	1486	0.0202260408884479	0.00981488385982568	0.0297715321488829	29.8786560272358	36314000	214
20220601 140250	binary	custom	TRUE	TRUE	FALSE	-100	111599	-1	31	565	TRUE	0.00516973052641932	0.37287132259282	1240	1500	0.0125349370328737	0.00162788682346216	99.9113889305719	95.3597220911746	35202000	215
20220601 141050	binary	custom	TRUE	TRUE	FALSE	-100	111599	-1	31	4183	TRUE	0.00248860973954531	0.220216014966461	2317	510	0.0194483319729485	0.00110079291159801	2.01942780314006	12.3673119709413	36949000	216
20220601 141217	binary	custom	TRUE	TRUE	FALSE	-100	111599	-1	31	579	TRUE	0.0199585803337895	0.483383522606487	7978	1068	0.032650769906087	0.0015936215821142	0.0480711254358732	1.09441441207233	34003000	217
20220601 141916	binary	custom	TRUE	TRUE	FALSE	-100	111599	-1	31	5058	TRUE	0.00461688491043175	0.214973656978962	4361	503	0.0129444294903408	0.00994825761403132	10.5138474848474	96.9116285066628	37033000	218
20220601 142300	binary	custom	TRUE	TRUE	FALSE	-100	111599	-1	31	2126	TRUE	0.00428335641479331	0.18035897605386	7802	917	0.0253331312520901	0.00183203859009249	0.13272563569877	8.91960784429166	35338000	219
20220601 142503	binary	custom	TRUE	TRUE	FALSE	-100	111599	-1	31	826	TRUE	0.0175486593838734	0.499632609689323	3968	1183	0.0239673435946103	0.00733697196972696	0.00286911141311026	99.5391258461487	35341000	220
20220601 142642	binary	custom	TRUE	TRUE	FALSE	-100	111599	-1	31	741	TRUE	0.0199821527588461	0.308850053136016	880	1194	0.0125276816141936	0.00674761855574423	2.57683398112665	56.1065504364421	37719000	221
20220601 142828	binary	custom	TRUE	TRUE	FALSE	-100	111599	-1	31	922	TRUE	0.0185662293896998	0.272002540362326	1143	501	0.0127240151475508	0.00364867299501451	6.4797260467882	23.3321603970377	37738000	222
20220601 143038	binary	custom	TRUE	TRUE	FALSE	-100	111599	-1	31	1003	TRUE	0.0192160492660353	0.366529331966602	1032	1493	0.0195996991366227	0.00145279453990682	0.403917866471638	93.5856254907661	36378000	223
20220601 143222	binary	custom	TRUE	TRUE	FALSE	-100	111599	-1	31	1061	TRUE	0.0146337900678732	0.187147772116224	4717	1333	0.0166074016253054	0.00997780574896188	3.8536502214304	35.3192217671905	36876000	224
20220601 143336	binary	custom	TRUE	TRUE	FALSE	-100	111599	-1	31	777	TRUE	0.0164741002585771	0.101287225308098	1375	1495	0.014761193092853	0.0020925961224263	5.23823485684325	80.0515543083336	37072000	225
20220601 143447	binary	custom	TRUE	TRUE	FALSE	-100	111599	-1	31	395	TRUE	0.019958156899332	0.481263465988499	7389	510	0.0183417051901345	0.00434272297371879	0.357972313084978	85.4120382874462	36616000	226
20220601 143558	binary	custom	TRUE	TRUE	FALSE	-100	111599	-1	31	602	TRUE	0.0154468137215016	0.181361266465264	7880	1500	0.0202979408488677	0.00391285885116032	0.180827665819963	1.18710361156328	36957000	227
20220601 143701	binary	custom	TRUE	TRUE	FALSE	-100	111599	-1	31	464	TRUE	0.0199584976346403	0.333704650787265	7991	1253	0.0197951258673034	0.00672102898251849	2.55210097143245	22.9482006987918	36893000	228
20220601 143831	binary	custom	TRUE	TRUE	FALSE	-100	111599	-1	31	895	TRUE	0.0134998931234719	0.17188457941036	7878	1500	0.0147523686628215	0.00330921368205217	7.91620928148411	5.92285945896364	37266000	229
20220601 144407	binary	custom	TRUE	TRUE	FALSE	-100	111599	-1	31	2656	TRUE	0.0067645244817057	0.426074142313921	1096	554	0.0127419179199303	0.00450200335378708	3.93020233467998	56.2262174370137	38080000	230
20220601 145359	binary	custom	TRUE	TRUE	FALSE	-100	111599	-1	31	9244	TRUE	0.00105867937952607	0.150937378206315	7976	1500	0.0158339895850047	0.00304586728611567	65.2258147840133	0.166268749008968	34787000	231
20220601 145754	binary	custom	TRUE	TRUE	FALSE	-100	111599	-1	31	1391	TRUE	0.00562213903192796	0.405299887639362	869	536	0.013089513518668	0.00218725372843605	2.03142623290667	14.8739897280127	37683000	232
20220601 145856	binary	custom	TRUE	TRUE	FALSE	-100	111599	-1	31	572	TRUE	0.0199935120020499	0.10260375219267	6076	506	0.0237133454778458	0.00163235180807075	0.0615664095390783	2.71627256210835	35625000	233
