fecha	objective	metric	first_metric_only	boost_from_average	feature_pre_filter	verbosity	seed	max_depth	min_gain_to_split	lambda_l1	lambda_l2	max_bin	num_iterations	force_row_wise	seed	learning_rate	feature_fraction	min_data_in_leaf	num_leaves	prob_corte	ganancia	iteracion
20220530 222401	binary	custom	TRUE	TRUE	FALSE	-100	111599	-1	0	0	0	31	26	TRUE	111599	0.184746686092345	0.738289674567059	3526	228	0.0367754508629635	10254000	1
20220530 222418	binary	custom	TRUE	TRUE	FALSE	-100	111599	-1	0	0	0	31	24	TRUE	111599	0.149215523974854	0.428918945807964	5580	706	0.0118404774320273	12464000	2
20220530 222442	binary	custom	TRUE	TRUE	FALSE	-100	111599	-1	0	0	0	31	30	TRUE	111599	0.156755775824655	0.545710591003299	5700	573	0.0322756525943987	10708000	3
20220530 222500	binary	custom	TRUE	TRUE	FALSE	-100	111599	-1	0	0	0	31	53	TRUE	111599	0.107023438096512	0.577704402804375	7283	647	0.0423104765194391	8857000	4
20220530 222533	binary	custom	TRUE	TRUE	FALSE	-100	111599	-1	0	0	0	31	172	TRUE	111599	0.029405933737522	0.622334659239277	6587	398	0.0262934225203935	11814000	5
20220530 222542	binary	custom	TRUE	TRUE	FALSE	-100	111599	-1	0	0	0	31	17	TRUE	111599	0.296237792804837	0.838357075229287	3046	438	0.023037658057001	11649000	6
20220530 222558	binary	custom	TRUE	TRUE	FALSE	-100	111599	-1	0	0	0	31	27	TRUE	111599	0.208791654795292	0.476924450863153	3925	176	0.0377664646686753	9923000	7
20220530 222606	binary	custom	TRUE	TRUE	FALSE	-100	111599	-1	0	0	0	31	12	TRUE	111599	0.233665479667019	0.206606197506189	2434	282	0.0181275384350253	12947000	8
20220530 222618	binary	custom	TRUE	TRUE	FALSE	-100	111599	-1	0	0	0	31	21	TRUE	111599	0.175632296790602	0.906167918862775	1470	125	0.0336014964714802	9766000	9
20220530 222638	binary	custom	TRUE	TRUE	FALSE	-100	111599	-1	0	0	0	31	60	TRUE	111599	0.0490836967168143	0.687765771159902	2037	106	0.0290995741379447	11158000	10
20220530 222746	binary	custom	TRUE	TRUE	FALSE	-100	111599	-1	0	0	0	31	556	TRUE	111599	0.01182535094989	0.671151046995074	4860	982	0.0487229302869916	7809000	11
20220530 222829	binary	custom	TRUE	TRUE	FALSE	-100	111599	-1	0	0	0	31	19	TRUE	111599	0.0853028698264388	0.760168155701831	73	881	0.0291974479196748	5320000	12
20220530 222839	binary	custom	TRUE	TRUE	FALSE	-100	111599	-1	0	0	0	31	32	TRUE	111599	0.26380992889218	0.317101252172142	6917	784	0.0401054933613826	8839000	13
20220530 222854	binary	custom	TRUE	TRUE	FALSE	-100	111599	-1	0	0	0	31	73	TRUE	111599	0.135087329800008	0.393079675789922	7791	499	0.0125613534648437	12798000	14
20220530 222905	binary	custom	TRUE	TRUE	FALSE	-100	111599	-1	0	0	0	31	18	TRUE	111599	0.272185685965931	0.358246219977736	1762	945	0.021987200784982	11152000	15
20220530 222920	binary	custom	TRUE	TRUE	FALSE	-100	111599	-1	0	0	0	31	42	TRUE	111599	0.116820187050849	0.257158350618556	1168	541	0.045050775623046	7892000	16
20220530 222936	binary	custom	TRUE	TRUE	FALSE	-100	111599	-1	0	0	0	31	125	TRUE	111599	0.0785505188013194	0.950094958599657	6223	825	0.0202355868823361	12224000	17
20220530 222944	binary	custom	TRUE	TRUE	FALSE	-100	111599	-1	0	0	0	31	11	TRUE	111599	0.214112893467071	0.962244351152331	4671	33	0.0156789229455171	12036000	18
20220530 223009	binary	custom	TRUE	TRUE	FALSE	-100	111599	-1	0	0	0	31	41	TRUE	111599	0.0639892269730335	0.481863900600001	729	346	0.0100457274233728	13131000	19
20220530 223018	binary	custom	TRUE	TRUE	FALSE	-100	111599	-1	0	0	0	31	27	TRUE	111599	0.25220627454971	0.874015804203227	4147	761	0.0464115865853576	8016000	20
20220530 223040	binary	custom	TRUE	TRUE	FALSE	-100	111599	-1	0	0	0	31	13	TRUE	111599	0.0572282221249467	0.382610310379117	1904	85	0.00844204548703469	11855000	21
20220530 223116	binary	custom	TRUE	TRUE	FALSE	-100	111599	-1	0	0	0	31	104	TRUE	111599	0.0393919018954612	0.448673469879525	2226	415	0.0149003990870695	13517000	22
20220530 223128	binary	custom	TRUE	TRUE	FALSE	-100	111599	-1	0	0	0	31	11	TRUE	111599	0.204758283327567	0.444026442361681	1629	478	0.0134331922545358	12075000	23
20220530 223238	binary	custom	TRUE	TRUE	FALSE	-100	111599	-1	0	0	0	31	293	TRUE	111599	0.0104778847388511	0.295471609191275	3871	328	0.0183061595365848	12906000	24
20220530 223352	binary	custom	TRUE	TRUE	FALSE	-100	111599	-1	0	0	0	31	165	TRUE	111599	0.0163208218861665	0.569452527583667	781	239	0.0153726336955979	12903000	25
20220530 223411	binary	custom	TRUE	TRUE	FALSE	-100	111599	-1	0	0	0	31	50	TRUE	111599	0.120507609413011	0.540578033965547	5997	373	0.0176569580820224	13675000	26
20220530 223427	binary	custom	TRUE	TRUE	FALSE	-100	111599	-1	0	0	0	31	87	TRUE	111599	0.062270523051655	0.763973273821256	5512	400	0.014951290733082	13319000	27
20220530 223436	binary	custom	TRUE	TRUE	FALSE	-100	111599	-1	0	0	0	31	23	TRUE	111599	0.231781679288502	0.200657874608109	6568	432	0.0196240822489769	12943000	28
20220530 223451	binary	custom	TRUE	TRUE	FALSE	-100	111599	-1	0	0	0	31	30	TRUE	111599	0.0992307490032431	0.529658766853038	3131	333	0.0170801354262037	12910000	29
20220530 223516	binary	custom	TRUE	TRUE	FALSE	-100	111599	-1	0	0	0	31	121	TRUE	111599	0.0493731065004941	0.376563512993758	6333	475	0.0160064405001516	13125000	30
20220530 223525	binary	custom	TRUE	TRUE	FALSE	-100	111599	-1	0	0	0	31	34	TRUE	111599	0.146742799040868	0.887316366802812	7553	297	0.0185177494857174	12734000	31
20220530 223654	binary	custom	TRUE	TRUE	FALSE	-100	111599	-1	0	0	0	31	385	TRUE	111599	0.0100097687261927	0.201066790689363	1201	422	0.0121360197275708	13243000	32
20220530 223707	binary	custom	TRUE	TRUE	FALSE	-100	111599	-1	0	0	0	31	32	TRUE	111599	0.14655514299989	0.412778023686548	5631	243	0.0204129752243313	12548000	33
20220530 223717	binary	custom	TRUE	TRUE	FALSE	-100	111599	-1	0	0	0	31	21	TRUE	111599	0.272659790731666	0.577740970234794	5975	426	0.0169166504764367	12712000	34
20220530 223728	binary	custom	TRUE	TRUE	FALSE	-100	111599	-1	0	0	0	31	51	TRUE	111599	0.120630939593023	0.623616796370607	6240	497	0.0171495718953431	12874000	35
20220530 223825	binary	custom	TRUE	TRUE	FALSE	-100	111599	-1	0	0	0	31	345	TRUE	111599	0.0192515898148476	0.357589368817424	5606	285	0.014098482095842	13093000	36
20220530 223938	binary	custom	TRUE	TRUE	FALSE	-100	111599	-1	0	0	0	31	356	TRUE	111599	0.0104086018811895	0.86360991434583	2316	410	0.0110975179822464	12874000	37
20220530 223952	binary	custom	TRUE	TRUE	FALSE	-100	111599	-1	0	0	0	31	62	TRUE	111599	0.124498692089861	0.212594709731599	5926	337	0.0178765896431856	12812000	38
20220530 224217	binary	custom	TRUE	TRUE	FALSE	-100	111599	-1	0	0	0	31	950	TRUE	111599	0.0100276525335645	0.525642275687819	7147	382	0.0134541978492892	12879000	39
20220530 224240	binary	custom	TRUE	TRUE	FALSE	-100	111599	-1	0	0	0	31	102	TRUE	111599	0.0655497469338872	0.512981161744159	5656	374	0.0109381497615022	12353000	40
20220530 224336	binary	custom	TRUE	TRUE	FALSE	-100	111599	-1	0	0	0	31	316	TRUE	111599	0.0100602508385994	0.842265805273541	5260	301	0.0181062111892823	12438000	41
20220530 224348	binary	custom	TRUE	TRUE	FALSE	-100	111599	-1	0	0	0	31	27	TRUE	111599	0.165200724109037	0.506608096839722	7739	398	0.0188358485564556	12879000	42
20220530 224546	binary	custom	TRUE	TRUE	FALSE	-100	111599	-1	0	0	0	31	134	TRUE	111599	0.0104111930440759	0.368234723918428	6	383	0.0129840064570727	4027000	43
20220530 224610	binary	custom	TRUE	TRUE	FALSE	-100	111599	-1	0	0	0	31	6	TRUE	111599	0.0571910289071776	0.755898573733517	1005	286	0.00834625322735864	11826000	44
20220530 224707	binary	custom	TRUE	TRUE	FALSE	-100	111599	-1	0	0	0	31	388	TRUE	111599	0.010863245807572	0.654854769710218	5985	63	0.0172782727640292	12923000	45
20220530 224730	binary	custom	TRUE	TRUE	FALSE	-100	111599	-1	0	0	0	31	100	TRUE	111599	0.042775911645788	0.271885800955921	6053	427	0.0182648494795995	12854000	46
20220530 224742	binary	custom	TRUE	TRUE	FALSE	-100	111599	-1	0	0	0	31	38	TRUE	111599	0.161905594147976	0.362317825486371	6802	233	0.0158625631219405	12889000	47
20220530 224911	binary	custom	TRUE	TRUE	FALSE	-100	111599	-1	0	0	0	31	594	TRUE	111599	0.011951502177268	0.224288213435117	2590	691	0.0135368355683572	13266000	48
20220530 224934	binary	custom	TRUE	TRUE	FALSE	-100	111599	-1	0	0	0	31	76	TRUE	111599	0.0675183242348392	0.503955576272134	4371	816	0.0145253833955885	13252000	49
20220530 224947	binary	custom	TRUE	TRUE	FALSE	-100	111599	-1	0	0	0	31	45	TRUE	111599	0.10240877054715	0.318960297331751	7371	1015	0.0163231304939496	13005000	50
20220530 225106	binary	custom	TRUE	TRUE	FALSE	-100	111599	-1	0	0	0	31	180	TRUE	111599	0.0101594373558715	0.514745337604758	2550	282	0.0165192431472863	13079000	51
20220530 225119	binary	custom	TRUE	TRUE	FALSE	-100	111599	-1	0	0	0	31	35	TRUE	111599	0.164401025990921	0.4194914858968	3740	637	0.0132914271708099	12962000	52
20220530 225132	binary	custom	TRUE	TRUE	FALSE	-100	111599	-1	0	0	0	31	35	TRUE	111599	0.216940012679869	0.20348235567203	856	122	0.011762560685398	11320000	53
20220530 225256	binary	custom	TRUE	TRUE	FALSE	-100	111599	-1	0	0	0	31	253	TRUE	111599	0.015036788202671	0.435522832047387	886	808	0.0108518204903443	12968000	54
20220530 225338	binary	custom	TRUE	TRUE	FALSE	-100	111599	-1	0	0	0	31	160	TRUE	111599	0.0134109164067685	0.998650762802653	3976	563	0.0145274683144768	13102000	55
20220530 225403	binary	custom	TRUE	TRUE	FALSE	-100	111599	-1	0	0	0	31	103	TRUE	111599	0.0558809491643694	0.529307431872312	4204	304	0.0141297953724856	13391000	56
20220530 225418	binary	custom	TRUE	TRUE	FALSE	-100	111599	-1	0	0	0	31	21	TRUE	111599	0.115816058148053	0.540278983169352	2408	811	0.0149017992055815	13096000	57
20220530 225434	binary	custom	TRUE	TRUE	FALSE	-100	111599	-1	0	0	0	31	55	TRUE	111599	0.0804373462631624	0.211601901839718	2385	446	0.0118005430529926	12860000	58
20220530 225540	binary	custom	TRUE	TRUE	FALSE	-100	111599	-1	0	0	0	31	430	TRUE	111599	0.021969847564506	0.546563991611283	5666	854	0.0160890000095778	13054000	59
20220530 225659	binary	custom	TRUE	TRUE	FALSE	-100	111599	-1	0	0	0	31	375	TRUE	111599	0.0103669187872079	0.209546228671176	2141	613	0.0178633745404899	13038000	60
20220530 225726	binary	custom	TRUE	TRUE	FALSE	-100	111599	-1	0	0	0	31	120	TRUE	111599	0.041669532328773	0.201857576263562	7471	383	0.0165988576929311	13009000	61
20220530 225923	binary	custom	TRUE	TRUE	FALSE	-100	111599	-1	0	0	0	31	562	TRUE	111599	0.0101576058435319	0.501227779107236	3408	945	0.0143047906051821	13220000	62
20220530 225943	binary	custom	TRUE	TRUE	FALSE	-100	111599	-1	0	0	0	31	87	TRUE	111599	0.0944507154280247	0.52203223787068	5880	368	0.0158125190791039	12876000	63
20220530 230131	binary	custom	TRUE	TRUE	FALSE	-100	111599	-1	0	0	0	31	637	TRUE	111599	0.0102413243264112	0.450133057814215	5061	1012	0.0131356782726629	13066000	64
20220530 230146	binary	custom	TRUE	TRUE	FALSE	-100	111599	-1	0	0	0	31	53	TRUE	111599	0.137703290395127	0.454647352895209	6426	119	0.0187659190161393	13057000	65
20220530 230338	binary	custom	TRUE	TRUE	FALSE	-100	111599	-1	0	0	0	31	944	TRUE	111599	0.0105387946854064	0.270692433762542	6664	1007	0.0141345710547683	13383000	66
20220530 230627	binary	custom	TRUE	TRUE	FALSE	-100	111599	-1	0	0	0	31	1479	TRUE	111599	0.0100176286359478	0.299889537098138	4053	569	0.00845485649183365	12190000	67
20220530 230959	binary	custom	TRUE	TRUE	FALSE	-100	111599	-1	0	0	0	31	627	TRUE	111599	0.010102241067829	0.387259048727364	6738	792	0.0178325850826393	13389000	68
20220530 231040	binary	custom	TRUE	TRUE	FALSE	-100	111599	-1	0	0	0	31	229	TRUE	111599	0.025155907426792	0.60714316293778	3646	16	0.0138871482953173	13365000	69
20220530 231213	binary	custom	TRUE	TRUE	FALSE	-100	111599	-1	0	0	0	31	525	TRUE	111599	0.0102598878227838	0.596611025008972	3611	423	0.0141141992459347	13308000	70
20220530 231249	binary	custom	TRUE	TRUE	FALSE	-100	111599	-1	0	0	0	31	189	TRUE	111599	0.0270306510975137	0.660806994831029	7999	954	0.016084428657869	13361000	71
20220530 231401	binary	custom	TRUE	TRUE	FALSE	-100	111599	-1	0	0	0	31	188	TRUE	111599	0.0100044017964402	0.425608073259667	1339	36	0.015806188678124	13532000	72
20220530 231526	binary	custom	TRUE	TRUE	FALSE	-100	111599	-1	0	0	0	31	686	TRUE	111599	0.0147895615166527	0.202056018827065	3390	137	0.014379908723124	13329000	73
20220530 231658	binary	custom	TRUE	TRUE	FALSE	-100	111599	-1	0	0	0	31	205	TRUE	111599	0.010337438196532	0.539964311233123	1292	352	0.0154603446187717	13415000	74
20220530 231823	binary	custom	TRUE	TRUE	FALSE	-100	111599	-1	0	0	0	31	501	TRUE	111599	0.0101051580187368	0.2558935691615	1976	20	0.0153066408567347	13443000	75
20220530 231852	binary	custom	TRUE	TRUE	FALSE	-100	111599	-1	0	0	0	31	207	TRUE	111599	0.0224173513535187	0.985304546959693	2009	17	0.0175213332022142	12583000	76
20220530 231929	binary	custom	TRUE	TRUE	FALSE	-100	111599	-1	0	0	0	31	250	TRUE	111599	0.0295783861707617	0.257433778541879	7992	1005	0.0132749145716821	13244000	77
20220530 232057	binary	custom	TRUE	TRUE	FALSE	-100	111599	-1	0	0	0	31	329	TRUE	111599	0.0100034303427206	0.314925433216478	1628	231	0.0151454915526519	13360000	78
20220530 232139	binary	custom	TRUE	TRUE	FALSE	-100	111599	-1	0	0	0	31	148	TRUE	111599	0.0269804147184941	0.528463001302443	7996	1022	0.0227528094546785	12137000	79
20220530 232329	binary	custom	TRUE	TRUE	FALSE	-100	111599	-1	0	0	0	31	636	TRUE	111599	0.010140895773517	0.387403361709637	4525	82	0.0130305213419682	13415000	80
20220530 232438	binary	custom	TRUE	TRUE	FALSE	-100	111599	-1	0	0	0	31	326	TRUE	111599	0.0117390506118566	0.233993683597559	3939	66	0.0141037133424515	13165000	81
20220530 232604	binary	custom	TRUE	TRUE	FALSE	-100	111599	-1	0	0	0	31	499	TRUE	111599	0.0102095479954015	0.744173117238441	4645	593	0.0128764172883232	12969000	82
20220530 232612	binary	custom	TRUE	TRUE	FALSE	-100	111599	-1	0	0	0	31	20	TRUE	111599	0.275358152300352	0.953082677426255	7998	1024	0.0150354524309056	13123000	83
20220530 232715	binary	custom	TRUE	TRUE	FALSE	-100	111599	-1	0	0	0	31	568	TRUE	111599	0.0128149364329945	0.996649271468169	7779	1024	0.0132870760394614	13034000	84
20220530 232836	binary	custom	TRUE	TRUE	FALSE	-100	111599	-1	0	0	0	31	507	TRUE	111599	0.0101632557748355	0.210179674093702	1318	21	0.0199201940580206	13057000	85
20220530 232936	binary	custom	TRUE	TRUE	FALSE	-100	111599	-1	0	0	0	31	333	TRUE	111599	0.0130386522037812	0.999509865414975	2932	904	0.0128564017393644	13307000	86
20220530 233000	binary	custom	TRUE	TRUE	FALSE	-100	111599	-1	0	0	0	31	129	TRUE	111599	0.0432132633947718	0.99781601120997	3357	153	0.0131688609110171	13242000	87
20220530 233010	binary	custom	TRUE	TRUE	FALSE	-100	111599	-1	0	0	0	31	22	TRUE	111599	0.295850141341397	0.261162809137539	2932	943	0.0145061544984335	11787000	88
20220530 233123	binary	custom	TRUE	TRUE	FALSE	-100	111599	-1	0	0	0	31	650	TRUE	111599	0.0111688460985818	0.990409969784653	5446	1024	0.0138677632811679	12997000	89
20220530 233148	binary	custom	TRUE	TRUE	FALSE	-100	111599	-1	0	0	0	31	85	TRUE	111599	0.0519380916657896	0.995874843327412	3670	1022	0.0126996905553737	13019000	90
20220530 233156	binary	custom	TRUE	TRUE	FALSE	-100	111599	-1	0	0	0	31	18	TRUE	111599	0.299503665251744	0.203889202116381	8000	970	0.0165683605462358	12810000	91
20220530 233213	binary	custom	TRUE	TRUE	FALSE	-100	111599	-1	0	0	0	31	95	TRUE	111599	0.102280644871341	0.313065690533824	2254	16	0.0197598095812667	13277000	92
20220530 233318	binary	custom	TRUE	TRUE	FALSE	-100	111599	-1	0	0	0	31	276	TRUE	111599	0.0116212335483993	0.966080183998961	2280	1024	0.0137287348489815	13398000	93
20220530 233506	binary	custom	TRUE	TRUE	FALSE	-100	111599	-1	0	0	0	31	482	TRUE	111599	0.0101655942344038	0.436411476226651	2220	1004	0.012751875477706	13428000	94
20220530 233516	binary	custom	TRUE	TRUE	FALSE	-100	111599	-1	0	0	0	31	21	TRUE	111599	0.248712856643496	0.349126843800588	3512	17	0.0178100046341156	11968000	95
20220530 233632	binary	custom	TRUE	TRUE	FALSE	-100	111599	-1	0	0	0	31	396	TRUE	111599	0.0153206831745418	0.418026035801461	3009	36	0.0133099826203229	13636000	96
20220530 233738	binary	custom	TRUE	TRUE	FALSE	-100	111599	-1	0	0	0	31	279	TRUE	111599	0.0173439940588873	0.419679565146172	2275	55	0.0140568826452573	13179000	97
20220530 233839	binary	custom	TRUE	TRUE	FALSE	-100	111599	-1	0	0	0	31	307	TRUE	111599	0.0154516724500842	0.423369262920299	3243	19	0.0116377958601826	13459000	98
20220530 234010	binary	custom	TRUE	TRUE	FALSE	-100	111599	-1	0	0	0	31	530	TRUE	111599	0.0131293014895713	0.376313961030496	3057	264	0.0130143725090086	13825000	99
20220530 234049	binary	custom	TRUE	TRUE	FALSE	-100	111599	-1	0	0	0	31	390	TRUE	111599	0.0228479174406888	0.93100450693514	7998	140	0.0147593130577538	12982000	100
20220530 234101	binary	custom	TRUE	TRUE	FALSE	-100	111599	-1	0	0	0	31	24	TRUE	111599	0.182101939628651	0.513053403194456	5464	1018	0.0178333849636586	12771000	101
20220530 234203	binary	custom	TRUE	TRUE	FALSE	-100	111599	-1	0	0	0	31	442	TRUE	111599	0.0144093215000566	0.200467178721313	3008	20	0.0233858994804468	12567000	102
20220530 234235	binary	custom	TRUE	TRUE	FALSE	-100	111599	-1	0	0	0	31	101	TRUE	111599	0.0490821136773707	0.429895257360941	3895	1024	0.0246232276598166	11824000	103
20220530 234415	binary	custom	TRUE	TRUE	FALSE	-100	111599	-1	0	0	0	31	824	TRUE	111599	0.0106154888052595	0.200993925617503	6966	875	0.00837859566731532	11564000	104
20220530 234547	binary	custom	TRUE	TRUE	FALSE	-100	111599	-1	0	0	0	31	439	TRUE	111599	0.0109117167620773	0.383057196914955	3060	627	0.0126700372017586	13567000	105
20220530 234557	binary	custom	TRUE	TRUE	FALSE	-100	111599	-1	0	0	0	31	26	TRUE	111599	0.114848322179553	0.925244575711565	5990	297	0.0186960748840062	12447000	106
20220530 234639	binary	custom	TRUE	TRUE	FALSE	-100	111599	-1	0	0	0	31	48	TRUE	111599	0.0175072220264504	0.326078784985575	1391	358	0.0102663644955024	12898000	107
20220530 234703	binary	custom	TRUE	TRUE	FALSE	-100	111599	-1	0	0	0	31	107	TRUE	111599	0.0629946572595241	0.541176983547884	5285	70	0.0134705187647514	13088000	108
20220530 234716	binary	custom	TRUE	TRUE	FALSE	-100	111599	-1	0	0	0	31	43	TRUE	111599	0.167676784426506	0.395089376963561	6464	1018	0.0181048267641034	12839000	109
20220530 234852	binary	custom	TRUE	TRUE	FALSE	-100	111599	-1	0	0	0	31	533	TRUE	111599	0.0105872374291706	0.322968259302758	2922	307	0.0133271824588267	13501000	110
20220530 234938	binary	custom	TRUE	TRUE	FALSE	-100	111599	-1	0	0	0	31	189	TRUE	111599	0.0265389476651075	0.472404836146017	3138	207	0.0131482608692084	13289000	111
20220530 235058	binary	custom	TRUE	TRUE	FALSE	-100	111599	-1	0	0	0	31	99	TRUE	111599	0.0101575376264675	0.460584330840442	1044	290	0.012369369944998	13330000	112
20220530 235204	binary	custom	TRUE	TRUE	FALSE	-100	111599	-1	0	0	0	31	317	TRUE	111599	0.0104581975219093	0.997923274316045	3048	1000	0.0187917270419905	12623000	113
20220530 235216	binary	custom	TRUE	TRUE	FALSE	-100	111599	-1	0	0	0	31	40	TRUE	111599	0.101520583732809	0.985774566277488	3832	19	0.01077621591114	12613000	114
20220530 235409	binary	custom	TRUE	TRUE	FALSE	-100	111599	-1	0	0	0	31	653	TRUE	111599	0.0104756560693632	0.334934706620237	3062	255	0.0150332223770966	13471000	115
20220530 235546	binary	custom	TRUE	TRUE	FALSE	-100	111599	-1	0	0	0	31	510	TRUE	111599	0.0100052326443767	0.371273607916069	3621	269	0.0128252079758729	13534000	116
20220530 235617	binary	custom	TRUE	TRUE	FALSE	-100	111599	-1	0	0	0	31	198	TRUE	111599	0.0210586762680571	0.967407259472934	3712	17	0.017763046144275	12466000	117
20220530 235625	binary	custom	TRUE	TRUE	FALSE	-100	111599	-1	0	0	0	31	15	TRUE	111599	0.263695559893197	0.999247551212624	8000	751	0.020357968775983	12618000	118
20220530 235644	binary	custom	TRUE	TRUE	FALSE	-100	111599	-1	0	0	0	31	43	TRUE	111599	0.0716646202610877	0.399040534387827	1975	267	0.0175093813476771	12480000	119
20220530 235743	binary	custom	TRUE	TRUE	FALSE	-100	111599	-1	0	0	0	31	183	TRUE	111599	0.0106864584984676	0.88388461282605	2414	531	0.0153518159236555	13182000	120
20220530 235757	binary	custom	TRUE	TRUE	FALSE	-100	111599	-1	0	0	0	31	28	TRUE	111599	0.123297510683408	0.390934842544855	4812	372	0.0145229714410401	13094000	121
20220530 235816	binary	custom	TRUE	TRUE	FALSE	-100	111599	-1	0	0	0	31	103	TRUE	111599	0.0506131629430081	0.681082280738838	3961	898	0.0169852316796718	13436000	122
20220530 235831	binary	custom	TRUE	TRUE	FALSE	-100	111599	-1	0	0	0	31	46	TRUE	111599	0.100632179287234	0.20117315304566	2535	964	0.0221981400631001	12414000	123
20220530 235842	binary	custom	TRUE	TRUE	FALSE	-100	111599	-1	0	0	0	31	38	TRUE	111599	0.298777618280109	0.350360089422127	8000	32	0.0149383648911464	12402000	124
20220530 235852	binary	custom	TRUE	TRUE	FALSE	-100	111599	-1	0	0	0	31	24	TRUE	111599	0.185691921981992	0.63182413521295	4140	1004	0.0175895367819071	13143000	125
20220530 235908	binary	custom	TRUE	TRUE	FALSE	-100	111599	-1	0	0	0	31	35	TRUE	111599	0.0729438394804273	0.603432346445241	4401	429	0.0178456115048324	12621000	126
20220531 000100	binary	custom	TRUE	TRUE	FALSE	-100	111599	-1	0	0	0	31	867	TRUE	111599	0.0111774667136098	0.386374521258274	7998	655	0.0151866806655612	13379000	127
20220531 000111	binary	custom	TRUE	TRUE	FALSE	-100	111599	-1	0	0	0	31	13	TRUE	111599	0.29851767746556	0.531522287907304	6060	638	0.0234217895756592	11959000	128
20220531 000123	binary	custom	TRUE	TRUE	FALSE	-100	111599	-1	0	0	0	31	31	TRUE	111599	0.111288563614007	0.203269242073421	3966	1017	0.0164214883202538	12631000	129
20220531 000133	binary	custom	TRUE	TRUE	FALSE	-100	111599	-1	0	0	0	31	15	TRUE	111599	0.264896306335754	0.201927317265546	2513	111	0.0307442566420367	10804000	130
20220531 000143	binary	custom	TRUE	TRUE	FALSE	-100	111599	-1	0	0	0	31	24	TRUE	111599	0.202486111015376	0.778502104230307	4002	1023	0.0141951937627208	12840000	131
20220531 000302	binary	custom	TRUE	TRUE	FALSE	-100	111599	-1	0	0	0	31	533	TRUE	111599	0.0166831176347248	0.464899696735002	7659	857	0.0145632996500183	13076000	132
20220531 000417	binary	custom	TRUE	TRUE	FALSE	-100	111599	-1	0	0	0	31	427	TRUE	111599	0.0117255820377022	0.986040592617183	3045	437	0.00972902691162528	12488000	133
20220531 000442	binary	custom	TRUE	TRUE	FALSE	-100	111599	-1	0	0	0	31	193	TRUE	111599	0.0311691149800937	0.845624486980113	7999	365	0.0101358715263242	12509000	134
20220531 000544	binary	custom	TRUE	TRUE	FALSE	-100	111599	-1	0	0	0	31	532	TRUE	111599	0.0102422829146322	0.997881882529392	7998	106	0.0263693666668781	11919000	135
20220531 000554	binary	custom	TRUE	TRUE	FALSE	-100	111599	-1	0	0	0	31	33	TRUE	111599	0.12318335131606	0.913081114373087	7996	976	0.0175236945946441	12991000	136
20220531 000628	binary	custom	TRUE	TRUE	FALSE	-100	111599	-1	0	0	0	31	137	TRUE	111599	0.0308165534756403	0.526397444048795	7081	372	0.0203158061140613	12588000	137
20220531 000642	binary	custom	TRUE	TRUE	FALSE	-100	111599	-1	0	0	0	31	69	TRUE	111599	0.0839492352423751	0.794278664797754	8000	688	0.0140951475871294	12771000	138
20220531 000650	binary	custom	TRUE	TRUE	FALSE	-100	111599	-1	0	0	0	31	16	TRUE	111599	0.207688578943378	0.999279551741066	2616	17	0.014884868584481	12531000	139
20220531 000658	binary	custom	TRUE	TRUE	FALSE	-100	111599	-1	0	0	0	31	41	TRUE	111599	0.298307732776488	0.999781249569294	7996	1013	0.00837652097433499	11179000	140
20220531 000832	binary	custom	TRUE	TRUE	FALSE	-100	111599	-1	0	0	0	31	673	TRUE	111599	0.0111498192627179	0.326324583326925	7999	81	0.0132266716729885	13111000	141
20220531 000841	binary	custom	TRUE	TRUE	FALSE	-100	111599	-1	0	0	0	31	27	TRUE	111599	0.260035682948354	0.999791930797724	7502	1024	0.026488854799639	11491000	142
20220531 001006	binary	custom	TRUE	TRUE	FALSE	-100	111599	-1	0	0	0	31	474	TRUE	111599	0.0107948719590558	0.388564424469291	6601	374	0.017361638962885	13654000	143
20220531 001122	binary	custom	TRUE	TRUE	FALSE	-100	111599	-1	0	0	0	31	363	TRUE	111599	0.0109832783073419	0.558608089524727	7999	289	0.0171270849519524	13044000	144
20220531 001214	binary	custom	TRUE	TRUE	FALSE	-100	111599	-1	0	0	0	31	334	TRUE	111599	0.021666024827758	0.331207080997862	6610	321	0.0131760081694126	13106000	145
20220531 001230	binary	custom	TRUE	TRUE	FALSE	-100	111599	-1	0	0	0	31	40	TRUE	111599	0.0794987788261387	0.569539761453122	5525	396	0.0175225168324543	12953000	146
20220531 001242	binary	custom	TRUE	TRUE	FALSE	-100	111599	-1	0	0	0	31	22	TRUE	111599	0.175520607552736	0.457411318502998	6041	337	0.0182000286001561	12525000	147
20220531 001253	binary	custom	TRUE	TRUE	FALSE	-100	111599	-1	0	0	0	31	18	TRUE	111599	0.251295938224342	0.392421307524067	7264	958	0.0162775268780448	12604000	148
20220531 001307	binary	custom	TRUE	TRUE	FALSE	-100	111599	-1	0	0	0	31	30	TRUE	111599	0.160088733450368	0.44192929790726	2533	333	0.020190160355695	12384000	149
20220531 001324	binary	custom	TRUE	TRUE	FALSE	-100	111599	-1	0	0	0	31	43	TRUE	111599	0.12618710905252	0.68990300892134	5200	1020	0.0153338039188228	12913000	150
20220531 001342	binary	custom	TRUE	TRUE	FALSE	-100	111599	-1	0	0	0	31	24	TRUE	111599	0.0915596896284944	0.285842592469058	911	663	0.0127538488482239	13049000	151
20220531 001353	binary	custom	TRUE	TRUE	FALSE	-100	111599	-1	0	0	0	31	23	TRUE	111599	0.26592846291204	0.407233852170778	4785	803	0.0147365570418574	12412000	152
20220531 001406	binary	custom	TRUE	TRUE	FALSE	-100	111599	-1	0	0	0	31	56	TRUE	111599	0.132272685856507	0.717658658534942	4100	657	0.0145843812222407	12943000	153
20220531 001415	binary	custom	TRUE	TRUE	FALSE	-100	111599	-1	0	0	0	31	17	TRUE	111599	0.211378157804629	0.91446679495643	7998	1019	0.0155772016024465	12943000	154
20220531 001426	binary	custom	TRUE	TRUE	FALSE	-100	111599	-1	0	0	0	31	20	TRUE	111599	0.297423018894196	0.537338561176124	6766	253	0.0179850399567278	12037000	155
20220531 001439	binary	custom	TRUE	TRUE	FALSE	-100	111599	-1	0	0	0	31	45	TRUE	111599	0.129674309061611	0.220067636750789	7417	19	0.017588687260535	13381000	156
20220531 001449	binary	custom	TRUE	TRUE	FALSE	-100	111599	-1	0	0	0	31	16	TRUE	111599	0.199651704755753	0.706863174329011	3081	1007	0.0167442663082735	12578000	157
20220531 001500	binary	custom	TRUE	TRUE	FALSE	-100	111599	-1	0	0	0	31	11	TRUE	111599	0.298653063610577	0.545801575614707	2191	81	0.0132157317595582	12193000	158
20220531 001511	binary	custom	TRUE	TRUE	FALSE	-100	111599	-1	0	0	0	31	18	TRUE	111599	0.221997492318568	0.221194379200902	2269	884	0.0113140299427604	12200000	159
20220531 001533	binary	custom	TRUE	TRUE	FALSE	-100	111599	-1	0	0	0	31	77	TRUE	111599	0.0460484710980647	0.68277840375987	2484	931	0.0136518184155077	12944000	160
20220531 001601	binary	custom	TRUE	TRUE	FALSE	-100	111599	-1	0	0	0	31	216	TRUE	111599	0.0567807350912666	0.206157193726228	951	17	0.0147428176579613	13452000	161
20220531 001614	binary	custom	TRUE	TRUE	FALSE	-100	111599	-1	0	0	0	31	34	TRUE	111599	0.122131840274217	0.354161785756077	6760	375	0.0193747053898182	12486000	162
20220531 001625	binary	custom	TRUE	TRUE	FALSE	-100	111599	-1	0	0	0	31	33	TRUE	111599	0.216474486751963	0.210266996028841	7549	18	0.0158373070891605	13513000	163
20220531 001638	binary	custom	TRUE	TRUE	FALSE	-100	111599	-1	0	0	0	31	21	TRUE	111599	0.12324798393862	0.316273985665175	3037	39	0.0130972025069289	13233000	164
20220531 001809	binary	custom	TRUE	TRUE	FALSE	-100	111599	-1	0	0	0	31	420	TRUE	111599	0.0119011083940335	0.521999091492443	4199	885	0.0142299954972277	13333000	165
20220531 001947	binary	custom	TRUE	TRUE	FALSE	-100	111599	-1	0	0	0	31	532	TRUE	111599	0.0104763075533082	0.525491902613828	6458	891	0.0168147721171867	13079000	166
20220531 001959	binary	custom	TRUE	TRUE	FALSE	-100	111599	-1	0	0	0	31	30	TRUE	111599	0.148148136512368	0.596804374745542	7995	26	0.0157842638104366	12841000	167
20220531 002011	binary	custom	TRUE	TRUE	FALSE	-100	111599	-1	0	0	0	31	38	TRUE	111599	0.167850823437534	0.200207896910197	7985	1024	0.0158065581947221	13363000	168
20220531 002021	binary	custom	TRUE	TRUE	FALSE	-100	111599	-1	0	0	0	31	29	TRUE	111599	0.266816239967323	0.20292174318909	6399	1024	0.0157912010002418	12510000	169
20220531 002031	binary	custom	TRUE	TRUE	FALSE	-100	111599	-1	0	0	0	31	30	TRUE	111599	0.240871444632659	0.216578478345765	7998	725	0.0157326181257204	13231000	170
