fecha	num.trees	max.depth	min.node.size	mtry	xval_folds	ganancia	iteracion
20220522 215145	822	24	279	9	5	11386000	1
20220523 024318	1240	16	133	20	5	10832000	2
20220523 035650	2202	7	461	40	5	10920000	3
20220523 050502	1473	22	256	27	5	9940000	4
20220523 053302	508	14	291	37	5	10658000	5
20220523 054408	337	27	59	19	5	9281000	6
20220523 062904	1851	18	221	15	5	11192000	7
20220523 070156	727	14	93	30	5	11048000	8
20220523 070431	653	2	190	13	5	7439000	9
20220523 071604	1089	10	469	8	5	11311000	10
20220523 105238	1240	16	133	20	5	10832000	11
20220523 121503	2202	7	461	40	5	10920000	12
20220523 132902	1473	22	256	27	5	9940000	13
20220523 135823	508	14	291	37	5	10658000	14
20220523 140941	337	27	59	19	5	9281000	15
20220523 145540	1851	18	221	15	5	11192000	16
20220523 152901	727	14	93	30	5	11048000	17
20220523 153148	653	2	190	13	5	7439000	18
20220523 154405	1089	10	469	8	5	11311000	19
20220523 190433	2067	30	166	49	5	8432000	20
20220523 193825	1300	5	382	43	5	10734000	21
20220523 195830	1703	4	17	23	5	10722000	22
20220523 215251	1989	26	418	32	5	10039000	23
20220523 220113	932	20	110	4	5	11240000	24
20220523 222418	2419	9	334	7	5	11387000	25
20220523 224441	224	24	349	47	5	9458000	26
20220523 233029	1710	10	1	21	5	11286000	27
20220523 235920	2498	6	1	13	5	11061000	28
20220524 001105	2234	12	91	2	5	10323000	29
20220524 002819	651	9	162	22	5	11499000	30
20220524 015226	1538	9	294	50	5	10967000	31
20220524 015631	986	9	1	2	5	9504000	32
20220524 030042	2497	9	296	23	5	11197000	33
20220524 032956	927	10	398	26	5	11159000	34
20220524 041925	1845	7	10	31	5	11117000	35
20220524 045507	2348	10	500	12	5	11434000	36
20220524 051235	1894	18	451	5	5	11574000	37
20220524 051436	135	18	477	8	5	11160000	38
20220524 054048	2461	19	317	6	5	11295000	39
20220524 060601	1991	14	500	8	5	11733000	40
20220524 062748	1658	16	410	8	5	11447000	41
20220524 065118	1431	13	500	11	5	11586000	42
20220524 072159	2496	13	500	8	5	11740000	43
20220524 073045	1522	22	500	2	5	10765000	44
20220524 073535	102	9	5	41	5	10121000	45
20220524 081216	1953	7	103	21	5	11247000	46
20220524 083639	2044	12	495	8	5	11715000	47
20220524 085812	1951	13	500	7	5	11367000	48
20220524 093647	2497	14	451	10	5	11662000	49
20220524 100756	2484	11	119	9	5	11513000	50
20220524 104020	1443	14	500	15	5	11405000	51
20220524 111021	2408	11	496	9	5	11751000	52
20220524 114254	2498	12	500	9	5	11687000	53
20220524 122418	2085	14	1	13	5	10757000	54
20220524 125423	2052	18	500	9	5	11479000	55
20220524 132122	2394	11	401	8	5	11436000	56
20220524 134438	2116	9	499	9	5	11103000	57
20220524 143135	2497	10	150	15	5	11516000	58
20220524 145024	680	11	498	21	5	11254000	59
20220524 152105	2371	15	500	8	5	11758000	60
20220524 154746	1185	11	236	17	5	11335000	61
20220524 161848	2193	14	498	9	5	11496000	62
20220524 164935	1298	11	500	18	5	11390000	63
20220524 165541	1075	18	500	2	5	10842000	64
20220524 175541	2041	15	500	19	5	11047000	65
20220524 181845	2499	15	500	5	5	11473000	66
20220524 183551	550	11	122	23	5	11185000	67
20220524 190046	1492	10	336	13	5	11521000	68
20220524 191216	680	17	272	10	5	11297000	69
20220524 194008	2035	15	498	8	5	11639000	70
20220524 200859	686	9	169	37	5	10962000	71
20220524 205136	1449	9	203	26	5	11303000	72
20220524 212539	2414	14	500	9	5	11626000	73
20220524 215712	2479	14	499	8	5	11638000	74
20220524 222305	1718	11	500	11	5	11525000	75
20220524 230321	2495	16	462	10	5	11498000	76
20220524 231604	895	14	449	9	5	11701000	77
20220524 233220	1267	14	467	8	5	11620000	78
20220524 234845	1035	12	500	11	5	11839000	79
20220524 235910	628	13	439	11	5	11524000	80
20220525 001836	1337	12	500	10	5	11720000	81
20220525 003905	1685	19	306	7	5	11374000	82
20220525 005644	986	13	361	12	5	11604000	83
20220525 013400	2019	12	500	13	5	11615000	84
20220525 013823	259	15	193	10	5	11469000	85
20220525 020841	2497	9	26	10	5	11434000	86
20220525 022124	870	12	500	10	5	11440000	87
20220525 022708	481	15	500	7	5	11267000	88
20220525 024322	1125	12	500	10	5	11586000	89
20220525 031028	2319	17	500	7	5	11166000	90
20220525 033406	1979	20	431	7	5	11738000	91
20220525 034535	1997	20	154	2	5	11173000	92
20220525 040411	1014	14	499	12	5	11591000	93
20220525 041125	1407	14	342	2	5	10655000	94
20220525 042207	658	14	128	10	5	11250000	95
20220525 044019	1032	11	438	13	5	11446000	96
20220525 044307	158	13	460	11	5	11270000	97
20220525 051033	1852	19	500	9	5	11507000	98
20220525 053537	2077	22	457	7	5	11561000	99
20220525 062217	2363	21	413	12	5	11438000	100
20220525 070548	2500	15	43	11	5	11221000	101
20220525 071341	260	15	411	19	5	11344000	102
20220525 075058	1564	12	227	17	5	11236000	103
20220525 082255	1640	8	486	19	5	11547000	104
20220525 092426	1696	10	496	30	5	11154000	105
20220525 094559	1681	8	226	12	5	11280000	106
20220525 101224	2500	23	422	6	5	11568000	107
20220525 102556	2375	22	491	2	5	10874000	108
20220525 111945	2500	23	174	13	5	10655000	109
20220525 115236	2500	26	489	7	5	11545000	110
20220525 121806	1962	24	402	7	5	11686000	111
20220525 124928	2196	25	438	8	5	11676000	112
20220525 131100	2016	26	500	6	5	11642000	113
20220525 132512	1008	13	471	8	5	11580000	114
20220525 134424	1947	20	361	5	5	11710000	115
20220525 141556	2196	20	361	8	5	11348000	116
20220525 145010	1888	8	168	16	5	11478000	117
20220525 151657	1341	8	260	18	5	11271000	118
20220525 154600	2376	24	500	7	5	11263000	119
20220525 161019	2099	26	315	6	5	11632000	120
20220525 163911	1930	21	390	8	5	11628000	121
20220525 171652	2035	25	414	10	5	11542000	122
20220525 180049	1783	9	299	21	5	11536000	123
20220525 183136	2500	10	496	9	5	11467000	124
20220525 184904	2044	25	404	4	5	11543000	125
20220525 191649	2208	28	442	7	5	11712000	126
