fecha	gamma	alpha	lambda	subsample	tree_method	grow_policy	max_bin	max_depth	scale_pos_weight	eta	colsample_bytree	min_child_weight	max_leaves	prob_corte	nrounds	ganancia	iteracion
20220530 232345	0	0	0	1	hist	lossguide	256	0	1	0.0855904508470558	0.469647830249742	1	497	0.0156045171213918	12	9165000	1
20220530 232418	0	0	0	1	hist	lossguide	256	0	1	0.248653579382342	0.778051637122408	6	460	0.0168953355004002	9	11386000	2
20220530 232505	0	0	0	1	hist	lossguide	256	0	1	0.130179400212597	0.580411067130044	4	715	0.0265228368463189	20	9029000	3
20220530 232607	0	0	0	1	hist	lossguide	256	0	1	0.0595157134046312	0.362486556395888	2	928	0.0351482221599629	22	6642000	4
20220530 232648	0	0	0	1	hist	lossguide	256	0	1	0.15861977369769	0.976930949445814	3	754	0.0324249375441771	10	8267000	5
20220530 233026	0	0	0	1	hist	lossguide	256	0	1	0.014146170827793	0.833031942201778	3	162	0.0416726507377462	187	6503000	6
20220530 233128	0	0	0	1	hist	lossguide	256	0	1	0.0458934529499384	0.678196058077738	9	146	0.0414183522836538	61	9304000	7
20220530 233157	0	0	0	1	hist	lossguide	256	0	1	0.20562464987766	0.348048694776371	10	267	0.0145214515801248	26	12016000	8
20220530 233222	0	0	0	1	hist	lossguide	256	0	1	0.270386286510155	0.708604818480089	10	833	0.0391561185388127	9	8810000	9
20220530 233253	0	0	0	1	hist	lossguide	256	0	1	0.235158603462623	0.547754976879805	2	795	0.0247478374624431	1	7483000	10
20220530 233329	0	0	0	1	hist	lossguide	256	0	1	0.119809910198674	0.923343671085313	8	623	0.0462180504958572	22	7162000	11
20220530 233402	0	0	0	1	hist	lossguide	256	0	1	0.143048956438317	0.234461602317169	9	899	0.0445488946832484	32	8117000	12
20220530 233434	0	0	0	1	hist	lossguide	256	0	1	0.173492631677189	0.740222870958969	5	67	0.0124229479028145	13	11403000	13
20220530 233524	0	0	0	1	hist	lossguide	256	0	1	0.105565780659439	0.603446924434975	0	320	0.027601995098424	1	747000	14
20220530 233551	0	0	0	1	hist	lossguide	256	0	1	0.283313417741912	0.909477355042472	7	382	0.036984131775292	11	7764000	15
20220530 233618	0	0	0	1	hist	lossguide	256	0	1	0.22505168124882	0.2817883212585	8	1007	0.0206162499380298	12	10944000	16
20220530 233737	0	0	0	1	hist	lossguide	256	0	1	0.0305188216780079	0.277288406509906	5	38	0.0310483780233578	99	9996000	17
20220530 233812	0	0	0	1	hist	lossguide	256	0	1	0.184063068927382	0.519621557937935	2	529	0.0491006432498883	9	5640000	18
20220530 233839	0	0	0	1	hist	lossguide	256	0	1	0.292559332005098	0.402815428934991	0	229	0.00937879692016092	2	5509000	19
20220530 233926	0	0	0	1	hist	lossguide	256	0	1	0.0772649194751866	0.873782747965306	7	580	0.0210267282653755	35	11599000	20
20220530 234043	0	0	0	1	hist	lossguide	256	0	1	0.0398832227874842	0.416452945438659	8	134	0.0154032002277283	83	13044000	21
20220530 234355	0	0	0	1	hist	lossguide	256	0	1	0.0106346484005433	0.203256382915437	6	430	0.0141973570941967	144	13141000	22
20220530 234709	0	0	0	1	hist	lossguide	256	0	1	0.0118053899421003	0.432516876453254	8	532	0.0116226002558119	239	13170000	23
20220530 235135	0	0	0	1	hist	lossguide	256	0	1	0.0101123833287641	0.320646354863645	7	293	0.0110070687486273	437	12984000	24
20220530 235602	0	0	0	1	hist	lossguide	256	0	1	0.0100498540210853	0.948055994583424	3	1024	0.0111641697555929	134	12946000	25
20220530 235921	0	0	0	1	hist	lossguide	256	0	1	0.0101360579602097	0.473842099406993	5	797	0.0114518247684666	103	13308000	26
20220531 000307	0	0	0	1	hist	lossguide	256	0	1	0.0100740242774101	0.994377678773528	5	671	0.0122603359527673	130	12796000	27
20220531 000651	0	0	0	1	hist	lossguide	256	0	1	0.0100922047352251	0.213119811421812	3	793	0.00846804321019978	63	12669000	28
20220531 000805	0	0	0	1	hist	lossguide	256	0	1	0.0512191452861769	0.279893028705708	6	580	0.0100699364587109	101	12424000	29
20220531 001147	0	0	0	1	hist	lossguide	256	0	1	0.0102723429721294	0.441854245453343	4	835	0.0137695993917762	135	12407000	30
20220531 001511	0	0	0	1	hist	lossguide	256	0	1	0.0101108685471462	0.356243000457625	9	373	0.0158352773454604	236	12837000	31
20220531 001838	0	0	0	1	hist	lossguide	256	0	1	0.0101252373350502	0.555061402002396	6	967	0.0135105483785626	126	13104000	32
20220531 002233	0	0	0	1	hist	lossguide	256	0	1	0.0100080211379322	0.52673163520495	6	399	0.0143675981201788	244	12994000	33
20220531 002555	0	0	0	1	hist	lossguide	256	0	1	0.0100978027616733	0.957655430377525	9	92	0.0114538935994197	169	13160000	34
20220531 002912	0	0	0	1	hist	lossguide	256	0	1	0.0100817883985303	0.924867326323644	10	758	0.0114416784276326	159	13354000	35
20220531 003310	0	0	0	1	hist	lossguide	256	0	1	0.0102612903796503	0.858111803025122	8	912	0.00838608475294359	309	11988000	36
20220531 003621	0	0	0	1	hist	lossguide	256	0	1	0.0100078250724789	0.868663210627515	10	429	0.0122590583342157	172	13391000	37
20220531 004109	0	0	0	1	hist	lossguide	256	0	1	0.0104737756819719	0.609322910567268	10	714	0.0132331361330637	583	12991000	38
20220531 004423	0	0	0	1	hist	lossguide	256	0	1	0.0113560563591158	0.999858249322905	10	572	0.0138488004609284	220	13142000	39
20220531 004853	0	0	0	1	hist	lossguide	256	0	1	0.0100768307379012	0.999955019150687	10	168	0.00851749454951921	458	12374000	40
20220531 004940	0	0	0	1	hist	lossguide	256	0	1	0.0767763909988355	0.858055244419506	9	426	0.0122865903368628	19	13294000	41
20220531 005239	0	0	0	1	hist	lossguide	256	0	1	0.0105736123419223	0.233556146772883	8	2	0.0125088913750839	1035	12641000	42
20220531 005547	0	0	0	1	hist	lossguide	256	0	1	0.0100190972044409	0.811792719476885	9	435	0.0124419244195389	134	13394000	43
20220531 005909	0	0	0	1	hist	lossguide	256	0	1	0.0104415728153667	0.219941462855426	5	1021	0.0119107001806726	105	13047000	44
20220531 010322	0	0	0	1	hist	lossguide	256	0	1	0.0100211268229158	0.326173361798493	7	728	0.0135259262517616	332	13130000	45
20220531 010402	0	0	0	1	hist	lossguide	256	0	1	0.116724933510233	0.83167605773966	5	1024	0.011361615369727	18	11833000	46
20220531 010457	0	0	0	1	hist	lossguide	256	0	1	0.0507721449120797	0.867790624155353	8	255	0.0125926713544724	31	13048000	47
20220531 010559	0	0	0	1	hist	lossguide	256	0	1	0.0863174087775263	0.943706385431941	10	2	0.0187801954027684	385	13440000	48
20220531 010643	0	0	0	1	hist	lossguide	256	0	1	0.149501575892213	0.934910804490782	9	2	0.0177973906540537	247	13340000	49
20220531 010716	0	0	0	1	hist	lossguide	256	0	1	0.0979325274510889	0.998755098641011	10	5	0.0156826007687881	78	12964000	50
20220531 010846	0	0	0	1	hist	lossguide	256	0	1	0.0192337290367803	0.898317811717859	9	6	0.0198831219425733	223	12788000	51
20220531 010919	0	0	0	1	hist	lossguide	256	0	1	0.145974195581424	0.902126046881496	10	148	0.0189368311749632	14	11594000	52
20220531 011030	0	0	0	1	hist	lossguide	256	0	1	0.0827744007383337	0.816266219446069	9	2	0.0175565732694732	408	13236000	53
20220531 011100	0	0	0	1	hist	lossguide	256	0	1	0.18586246248434	0.96386308979468	8	26	0.0148770956075899	23	11690000	54
20220531 011200	0	0	0	1	hist	lossguide	256	0	1	0.0429113076966001	0.949399823620631	10	396	0.0120379366423589	37	13132000	55
20220531 011243	0	0	0	1	hist	lossguide	256	0	1	0.123576501232312	0.24129837775267	9	2	0.018531858431733	242	13468000	56
20220531 011317	0	0	0	1	hist	lossguide	256	0	1	0.148850464291269	0.258491621106559	9	2	0.0134503447942051	162	12562000	57
20220531 011651	0	0	0	1	hist	lossguide	256	0	1	0.0100554472952231	0.25658849101007	10	180	0.0124061732145817	296	13103000	58
20220531 011805	0	0	0	1	hist	lossguide	256	0	1	0.0364391759210919	0.998811002659705	10	1023	0.0291050991107353	67	10845000	59
20220531 011855	0	0	0	1	hist	lossguide	256	0	1	0.106207144875361	0.216965246097243	7	2	0.0180910631211532	298	13310000	60
20220531 011933	0	0	0	1	hist	lossguide	256	0	1	0.220757071693924	0.206916138861244	9	2	0.0180025757564315	214	13444000	61
20220531 012319	0	0	0	1	hist	lossguide	256	0	1	0.0117873683253747	0.997880036073416	10	787	0.0176649724689971	339	12062000	62
20220531 012346	0	0	0	1	hist	lossguide	256	0	1	0.104368591682482	0.997996428147936	9	7	0.0187472390134964	36	12339000	63
20220531 012421	0	0	0	1	hist	lossguide	256	0	1	0.177968544000623	0.47841656207007	10	2	0.0177601217829561	178	13045000	64
20220531 012527	0	0	0	1	hist	lossguide	256	0	1	0.0678465425849042	0.255013342910033	10	2	0.0184266129003172	418	13513000	65
20220531 012842	0	0	0	1	hist	lossguide	256	0	1	0.0103378449034736	0.906454952027795	9	577	0.0116901132098451	138	13225000	66
20220531 013129	0	0	0	1	hist	lossguide	256	0	1	0.012515934905999	0.882427924986939	10	2	0.0122124718590494	979	12298000	67
20220531 013348	0	0	0	1	hist	lossguide	256	0	1	0.0266159896136409	0.20137254482469	9	2	0.0173501624713439	910	13106000	68
20220531 013413	0	0	0	1	hist	lossguide	256	0	1	0.15862242266708	0.211512270374579	8	3	0.0182491232379525	69	13180000	69
20220531 013706	0	0	0	1	hist	lossguide	256	0	1	0.0100155895259198	0.204483148925436	10	901	0.0109761681010452	115	12740000	70
20220531 013753	0	0	0	1	hist	lossguide	256	0	1	0.0764060996904257	0.988926843285399	10	764	0.0126016066174907	40	12554000	71
20220531 014124	0	0	0	1	hist	lossguide	256	0	1	0.0101131928246537	0.851226081189526	7	744	0.0142318126434502	162	12848000	72
20220531 014151	0	0	0	1	hist	lossguide	256	0	1	0.29229668067753	0.205716233402343	10	2	0.0220728366663097	120	12667000	73
20220531 014611	0	0	0	1	hist	lossguide	256	0	1	0.0100631693413136	0.306444061115337	6	104	0.0140613481642562	333	12766000	74
20220531 014647	0	0	0	1	hist	lossguide	256	0	1	0.158943366113904	0.451663436927569	9	2	0.017697420335816	194	13093000	75
20220531 014727	0	0	0	1	hist	lossguide	256	0	1	0.242949595924703	0.422011032923839	10	2	0.0185481278812433	232	12881000	76
20220531 014949	0	0	0	1	hist	lossguide	256	0	1	0.0221109993834235	0.211941901386636	10	2	0.0213823989767946	954	13056000	77
20220531 015027	0	0	0	1	hist	lossguide	256	0	1	0.08808922159536	0.200169020018766	7	553	0.0143634876498701	12	12091000	78
20220531 015104	0	0	0	1	hist	lossguide	256	0	1	0.132754181570622	0.256950059872626	7	2	0.0180129575728967	199	13278000	79
20220531 015406	0	0	0	1	hist	lossguide	256	0	1	0.0100931935114164	0.428795681586343	7	1024	0.0107095748224648	92	13137000	80
20220531 015441	0	0	0	1	hist	lossguide	256	0	1	0.0847678640315485	0.201629590761439	10	5	0.0205086955064568	62	12747000	81
20220531 015529	0	0	0	1	hist	lossguide	256	0	1	0.0537259479532782	0.200468849708666	7	11	0.0189254812470687	101	13320000	82
20220531 015925	0	0	0	1	hist	lossguide	256	0	1	0.0100483182673881	0.267089917760586	6	761	0.0221572326849837	234	11132000	83
20220531 020110	0	0	0	1	hist	lossguide	256	0	1	0.0392703699909518	0.93586593745278	8	2	0.0166927174518495	700	13274000	84
20220531 020501	0	0	0	1	hist	lossguide	256	0	1	0.0100377791786021	0.897045650117058	6	437	0.0113841010372861	193	13004000	85
20220531 020532	0	0	0	1	hist	lossguide	256	0	1	0.266986226771014	0.200732008941994	10	465	0.0180315684343671	12	11192000	86
20220531 020715	0	0	0	1	hist	lossguide	256	0	1	0.0394906042243212	0.201639516296074	10	2	0.0378838706752892	709	10684000	87
20220531 021008	0	0	0	1	hist	lossguide	256	0	1	0.0126081289009628	0.531388667080528	9	170	0.0114220550419558	201	13524000	88
20220531 021127	0	0	0	1	hist	lossguide	256	0	1	0.0342498439533353	0.965969206289128	10	2	0.0180062733863867	464	12933000	89
20220531 021201	0	0	0	1	hist	lossguide	256	0	1	0.0704041469106912	0.969480709730703	10	8	0.0178678358971802	44	12704000	90
20220531 021236	0	0	0	1	hist	lossguide	256	0	1	0.0885526026739529	0.41616591648693	10	2	0.0112740112509465	159	11994000	91
20220531 021325	0	0	0	1	hist	lossguide	256	0	1	0.0423207971622836	0.384484955074443	9	6	0.0192037210929793	120	12888000	92
20220531 021410	0	0	0	1	hist	lossguide	256	0	1	0.089924907680679	0.537922037321003	7	739	0.0121123874749257	36	12304000	93
20220531 021445	0	0	0	1	hist	lossguide	256	0	1	0.134253347802537	0.855286055836182	10	1023	0.0200909960496897	22	11798000	94
20220531 021817	0	0	0	1	hist	lossguide	256	0	1	0.0100767984349555	0.483483292359812	9	211	0.0176600193057369	262	12472000	95
20220531 022126	0	0	0	1	hist	lossguide	256	0	1	0.0104973686946191	0.58784263253971	9	3	0.0116609751314711	892	12854000	96
20220531 022204	0	0	0	1	hist	lossguide	256	0	1	0.119175731227903	0.690919872866373	9	2	0.0155870145207586	198	13056000	97
20220531 022344	0	0	0	1	hist	lossguide	256	0	1	0.0234984469876561	0.503946338191889	6	797	0.0114923278188844	67	13183000	98
20220531 022655	0	0	0	1	hist	lossguide	256	0	1	0.0102413939199461	0.732703778981033	10	526	0.0154864461981623	169	12883000	99
20220531 023047	0	0	0	1	hist	lossguide	256	0	1	0.0104945870442787	0.901331197033693	5	1022	0.0185571379100452	184	11866000	100
20220531 023424	0	0	0	1	hist	lossguide	256	0	1	0.0107628555542619	0.417329164037433	9	418	0.011492404851301	298	12968000	101
20220531 023756	0	0	0	1	hist	lossguide	256	0	1	0.0102955666654845	0.581868140704744	8	276	0.0113549088079776	240	13108000	102
20220531 023834	0	0	0	1	hist	lossguide	256	0	1	0.107671835181487	0.926283641984972	8	2	0.0152032146837818	196	12974000	103
20220531 023859	0	0	0	1	hist	lossguide	256	0	1	0.280510119979961	0.533935167321935	9	3	0.0162487155674656	76	13371000	104
20220531 023930	0	0	0	1	hist	lossguide	256	0	1	0.293201048411652	0.895677081035876	10	2	0.0178448225726928	164	13174000	105
20220531 024212	0	0	0	1	hist	lossguide	256	0	1	0.0112337771925892	0.204046107290472	10	3	0.0258779351545497	739	12430000	106
20220531 024635	0	0	0	1	hist	lossguide	256	0	1	0.0103692759213051	0.320675728904802	6	890	0.0111481152932313	362	12941000	107
20220531 024717	0	0	0	1	hist	lossguide	256	0	1	0.299378754144676	0.816363816908659	9	2	0.0171056961608662	259	13088000	108
20220531 025025	0	0	0	1	hist	lossguide	256	0	1	0.0112770313866247	0.444221545072195	10	1024	0.0136616809261181	239	13098000	109
20220531 025405	0	0	0	1	hist	lossguide	256	0	1	0.010634490982247	0.54060505795363	10	1024	0.0252129489891898	333	11477000	110
20220531 025534	0	0	0	1	hist	lossguide	256	0	1	0.0269579505858832	0.68295487924486	7	132	0.0110689409351176	40	12627000	111
20220531 025635	0	0	0	1	hist	lossguide	256	0	1	0.0889602748902806	0.22518759006297	10	2	0.0180405466983776	386	13373000	112
20220531 025710	0	0	0	1	hist	lossguide	256	0	1	0.244501133093268	0.240853634370445	9	2	0.018287258136874	191	13545000	113
20220531 025746	0	0	0	1	hist	lossguide	256	0	1	0.268165805427665	0.698897641151818	10	2	0.0163823691955637	195	13328000	114
20220531 030031	0	0	0	1	hist	lossguide	256	0	1	0.0140048940687659	0.237495186935634	7	125	0.0179682773960381	178	12370000	115
20220531 030344	0	0	0	1	hist	lossguide	256	0	1	0.0101723615462416	0.797831310498841	10	1022	0.0123315914901928	183	13659000	116
20220531 030703	0	0	0	1	hist	lossguide	256	0	1	0.0101981531353839	0.487846691346855	8	205	0.0131219712358984	185	13173000	117
20220531 030735	0	0	0	1	hist	lossguide	256	0	1	0.175884830205463	0.200331023082305	5	3	0.0190804707359845	85	13243000	118
20220531 030802	0	0	0	1	hist	lossguide	256	0	1	0.261131389186297	0.210023052572314	8	2	0.0170683013084721	118	13383000	119
20220531 030837	0	0	0	1	hist	lossguide	256	0	1	0.14211078646063	0.992701149201794	9	655	0.012849934072949	18	12075000	120
20220531 031207	0	0	0	1	hist	lossguide	256	0	1	0.0101743396691938	0.913361588463364	9	454	0.0154077361499452	223	12922000	121
20220531 031302	0	0	0	1	hist	lossguide	256	0	1	0.0587197731893476	0.216401600055602	5	2	0.0166579858128264	308	13089000	122
20220531 031800	0	0	0	1	hist	lossguide	256	0	1	0.0128795730437133	0.522515916309436	10	2	0.0162293076425856	2145	12895000	123
20220531 031833	0	0	0	1	hist	lossguide	256	0	1	0.195615025448302	0.200294846136727	9	2	0.0182793361641908	119	13193000	124
20220531 032152	0	0	0	1	hist	lossguide	256	0	1	0.0101017694483032	0.992686296815565	9	1024	0.0122858711514234	162	13200000	125
20220531 032216	0	0	0	1	hist	lossguide	256	0	1	0.29937563784316	0.201449085095026	10	942	0.029058689312779	5	9504000	126
20220531 032723	0	0	0	1	hist	lossguide	256	0	1	0.0100547777638064	0.201761234033667	7	754	0.0114095212111459	590	12744000	127
20220531 032829	0	0	0	1	hist	lossguide	256	0	1	0.0539221763016139	0.200010126462669	5	2	0.0226156687047296	397	13092000	128
20220531 033018	0	0	0	1	hist	lossguide	256	0	1	0.0211160648350967	0.893026106374434	10	1024	0.0115438754286823	86	13236000	129
20220531 033057	0	0	0	1	hist	lossguide	256	0	1	0.0889864417937293	0.797584821675116	10	1021	0.0137014698913351	24	13284000	130
20220531 033300	0	0	0	1	hist	lossguide	256	0	1	0.0179638731162538	0.679877937729587	10	1024	0.0121034701201342	128	13267000	131
20220531 033336	0	0	0	1	hist	lossguide	256	0	1	0.218109861746397	0.322394182444901	8	2	0.0206428372591731	196	13246000	132
20220531 033411	0	0	0	1	hist	lossguide	256	0	1	0.268582255432182	0.801340499699974	9	2	0.0192061381180526	185	12974000	133
20220531 033640	0	0	0	1	hist	lossguide	256	0	1	0.0103034373594097	0.542611608866719	10	471	0.00835250761536222	34	12165000	134
20220531 033951	0	0	0	1	hist	lossguide	256	0	1	0.0106399610520232	0.813958097948832	10	920	0.0137068080087952	213	13438000	135
20220531 034105	0	0	0	1	hist	lossguide	256	0	1	0.0922546452764438	0.286496197232052	9	2	0.0162793236987637	466	13230000	136
20220531 034445	0	0	0	1	hist	lossguide	256	0	1	0.010167128039462	0.588453277155368	5	642	0.0119992897648809	156	13005000	137
20220531 034520	0	0	0	1	hist	lossguide	256	0	1	0.299185204838226	0.632597149565129	10	2	0.0189801859758991	199	13086000	138
20220531 034702	0	0	0	1	hist	lossguide	256	0	1	0.0207604057822896	0.843214142283554	9	213	0.0124998478986612	63	13372000	139
20220531 034820	0	0	0	1	hist	lossguide	256	0	1	0.0471638285447507	0.231487410429746	10	134	0.0164756643786477	144	12507000	140
20220531 034907	0	0	0	1	hist	lossguide	256	0	1	0.0672910572291387	0.898899834199435	10	1024	0.022410229525775	35	11784000	141
20220531 034938	0	0	0	1	hist	lossguide	256	0	1	0.29209597771927	0.219975986202287	6	2	0.0206020778684051	154	13164000	142
20220531 035242	0	0	0	1	hist	lossguide	256	0	1	0.0101294506802092	0.656900078449661	10	1024	0.0156588123092809	173	12839000	143
20220531 035319	0	0	0	1	hist	lossguide	256	0	1	0.299799411295034	0.936292073581227	10	2	0.0172290465483958	158	13203000	144
20220531 035345	0	0	0	1	hist	lossguide	256	0	1	0.299872397328637	0.20820477843359	9	62	0.0149506116098849	12	11283000	145
20220531 035414	0	0	0	1	hist	lossguide	256	0	1	0.232755848909065	0.24161078095218	7	2	0.0226504164734442	138	12938000	146
20220531 035710	0	0	0	1	hist	lossguide	256	0	1	0.0101309271839135	0.424277258570677	6	731	0.00835109837210358	51	12715000	147
20220531 040004	0	0	0	1	hist	lossguide	256	0	1	0.0104072020060721	0.292996992309976	10	506	0.0136084170347887	160	12982000	148
20220531 040059	0	0	0	1	hist	lossguide	256	0	1	0.0543459354296629	0.835712167355791	7	495	0.01417862757632	30	12903000	149
20220531 042229	0	0	0	1	hist	lossguide	256	0	1	0.0100182705365578	0.637538460559454	0	1009	0.0106206611268592	162	1039000	150
